0.015,0,0.1989,0,0.123,0.118,0.02613,0.03846,0.2723,0.06112,0.19,0.07154,0.02162,0,0.7576,0.008163,0.01172,0.2036,0.1224,0.0512,0.06375,0,0.4936,0.01361,0,0,0,0,0,0,0,0,0,0,0,0,0,0,0,0.01382,0,0,0.03361,0,0.003,0.008403,0,0,0.002518,0.03348,0,0.04968,0.05567,0.006154,0.01322,0.3631,0.4185,1
0,0,0,0,0.063,0,0.04264,0.2019,0.1319,0.154,0.155,0.04928,0.05586,0,0,0.04218,0,0,0.2862,0,0.03875,0,0,0,0,0,0,0,0,0,0,0,0,0,0,0,0,0,0,0,0,0,0,0,0,0,0,0,0,0.03208,0,0.02466,0,0,0.003804,0.02926,0.03522,1
0,0.02941,0.1176,0,0.127,0,0.05777,0,0,0.3105,0,0,0,0,0,0.1728,0,0,0.153,0.0672,0.1588,0,0,0.09524,0,0,0,0,0,0,0,0,0,0,0,0,0.1843,0,0,0.09677,0,0,0,0,0,0,0,0,0,0.01475,0,0.103,0.01906,0,0.006985,0.04051,0.04597,1
0,0,0,0,0.294,0,0,0,0,0,0,0,0,0,0,0.4,0,0,0,0,0,0,0,0,0,0,0,0,0,0,0,0,0,0,0,0,0,0,0,0,0,0,0,0,0,0,0,0,0.1098,0.1021,0,0.1572,0,0,0.004711,0.008252,0.00519,1
0,0,0.1345,0,0.144,0,0.06602,0,0,0,0,0.1526,0,0,0,0.06531,0.1875,0,0.2169,0,0.3013,0,0.2043,0,0,0,0,0,0,0,0,0,0,0,0,0,0,0,0,0,0,0,0,0,0.024,0,0,0,0,0.01897,0,0.08749,0.07352,0,0.006192,0.05776,0.04356,1
0.31,0.02871,0.3473,0,0,0,0,0,0,0,0,0.06518,0,0,0,0.05578,0,0.1621,0.3357,0,0.155,0,0,0.09297,0,0,0,0,0,0,0,0,0,0,0,0,0,0,0,0,0,0,0,0,0.0205,0,0,0,0,0.01522,0,0.08299,0.1595,0,0.003247,0.0135,0.02095,1
0,0,0.1793,0,0,0.3975,0,0,0,0,0,0,0,0,0,0.08707,0,0,0.2331,0,0,0,0.2723,0,0,0,0,0,0,0,0,0,0,0,0,0,0.09289,0,0,0,0,0,0,0,0,0,0,0,0.02367,0.04425,0.1738,0.1192,0,0,0.0136,0.09752,0.05394,1
0,0,0,0,0.128,0,0.3521,0.4103,0.5447,0.313,0.64,0.2035,0,0,0,0,1,0,0.2304,0.2048,0.64,0,0,0,0,0,0,0,0,0,0,0,0,0,0,0,0,0,0,0,0,0,0,0,0,0,0,0,0,0,0,0.09757,0,0,0.1524,0.2273,0.0569,1
0.0425,0,0.02241,0,0.042,0.04969,0.011,0.1346,0.03404,0.01956,0,0.09539,0.03063,0.03063,0,0,0.0332,0.01581,0.108,0,0.3962,0,0.1447,0.01814,0,0,0,0,0,0,0,0,0,0,0,0,0,0,0,0,0,0,0,0,0,0,0,0,0,0.01897,0.01652,0.0171,0.003933,0,0.004603,0.03526,0.1062,1
0.085,0.01821,0.07283,0,0.008,0.2671,0.011,0.08333,0.03404,0.3594,0.17,0.08267,0.1712,0,0.07359,0.01088,0,0,0.2727,0,0.0975,0,0.1447,0.0771,0,0,0,0,0,0,0,0,0,0,0,0,0,0,0,0,0,0,0,0,0.0085,0,0,0,0,0.01124,0,0.04662,0.07837,0.03938,0.003501,0.04576,0.09935,1
0.1075,0,0,0,0.087,0.5404,0,0,0,0.1051,0,0.3466,0,0,0,0,0.3398,0,0.07831,0,0.1087,0,0,0.09751,0,0,0,0,0,0,0,0,0,0,0,0.09908,0,0,0,0,0,0,0,0,0,0,0,0,0,0,0,0.1503,0,0,0.006168,0.07952,0.03299,1
0,0,0.3137,0,0.056,0,0,0,0,0.1369,0,0,0,0,0,0.07619,0,0,0.2025,0,0.14,0,0,0,0,0,0,0,0,0,0,0,0,0,0,0,0,0,0,0,0,0,0,0,0.028,0,0,0,0,0.02388,0,0.1107,0,0,0.002103,0.0135,0.02521,1
0.115,0,0.1289,0,0,0,0,0.1474,0,0,0,0.2194,0,0,1,0,0.08984,0.09091,0.2493,0,0.2888,0,0.5872,0,0,0,0,0,0,0,0,0,0,0,0,0,0,0,0,0.106,0,0,0,0,0,0,0,0,0,0.1147,0,0.01458,0.2469,0,0.003598,0.008252,0.01872,1
0,0,0.08964,0,0.064,0.3975,0.04402,0.1026,0,0,0,0.05087,0.05766,0,0,0.04354,0.0625,0,0.2043,0,0.405,0,0,0.07256,0,0,0,0,0,0,0,0,0,0,0,0,0,0,0,0,0,0,0,0,0.016,0,0,0,0,0.02482,0,0,0.04811,0.03262,0.0008051,0.006752,0.02632,1
0,0,0,0,0,0.6957,0,0.7179,0,0,0.56,0.1781,0,0,0,0,0,0,0.4041,0,0,0,0.4766,0,0,0,0,0,0,0,0,0,0,0,0,0,0,0,0,0,0,0,0,0,0,0,0,0,0,0,0,0.1465,0,0,0.002399,0.0105,0.007044,1
0,0,0.3978,0,0.071,0,0,0.2276,0,0.1736,0,0,0,0,0,0,0.5566,0.5632,0.1278,0,0.4462,0,0,0,0,0,0,0,0,0,0,0,0,0,0,0,0,0,0,0,0,0,0,0,0,0,0,0,0,0,0,0.1676,0,0,0.01657,0.08702,0.04004,1
0,0,0.04202,0,0.031,0,0.02063,0,0.2681,0.03667,0.075,0,0,0,0,0.151,0,0.251,0.07111,0,0,0,0,0,0.06177,0,0,0,0,0,0,0,0,0,0,0,0.04499,0,0,0.03456,0,0,0,0,0,0,0,0,0,0.0206,0,0.1552,0.2139,0.01354,0.006631,0.03751,0.2089,1
0,0.03221,0,0,0.115,0,0.03164,0.07372,0,0.1125,0,0.1097,0.04144,0,0,0,0.1348,0.1364,0.2484,0,0.23,0,0,0.05215,0,0,0,0,0,0,0,0,0,0,0,0.265,0,0,0,0,0,0,0,0,0,0,0,0,0,0.008429,0.02203,0.1514,0.01089,0,0.001292,0.03826,0.05264,1
0.4075,0,0.4566,0,0,0,0,0,0.6936,0,0,0,0,0,0,0.2218,0,0,0.2943,0,0.4088,0,0,0,0,0,0,0,0,0,0,0,0,0,0,0,0,0,0,0,0,0,0,0,0,0,0,0,0,0,0,0.1366,0.07655,0,0.001499,0.01125,0.006487,1
0,0.09244,0.1569,0,0,0.5839,0,0.05769,0.1574,0.1834,0,0.3291,0,0,0,0,0.07227,0,0.2205,0,0.1175,0,0,0.04082,0,0,0.0072,0,0,0,0,0,0,0,0,0,0,0,0,0,0,0,0,0,0,0,0,0,0,0.01873,0,0.04356,0.03238,0,0.002433,0.02551,0.04504,1
0,0,0,0,0,0,0,0,0.3872,0,0,0,0,0,0,0,0,0,0.08191,0,0.3438,0,0,0,0,0,0,0,0,0,0,0,0,0,0,0,0,0,0,0,0,0,0,0,0,0,0,0,0,0.03114,0,0.09577,0,0,0.002849,0.02026,0.01594,1
0,0,0,0,0.148,0.4596,0.2036,0,0,0.1809,0.37,0.1176,0.1333,0,0,0.1007,0.1445,0,0.1998,0,0.4625,0,0,0,0,0,0,0,0,0,0,0,0,0,0,0,0,0,0,0,0,0,0,0,0,0,0,0,0,0,0,0.01944,0,0,0.002018,0.008252,0.01112,1
0.02,0.005602,0.2129,0,0.085,0.6335,0.03439,0.05449,0.2511,0.01956,0.085,0.0938,0.03063,0,0.9567,0.03401,0.01562,0.1838,0.1449,0.0272,0.0525,0,0.3617,0.01814,0,0,0,0,0,0,0,0,0,0,0,0,0,0,0,0.01843,0,0,0.04762,0.004802,0.004,0.0112,0,0,0,0.01475,0,0.07093,0.03449,0.007385,0.009721,0.5011,0.2606,1
0,0,0.03922,0,0.028,0,0.01926,0,0,0,0.07,0.02226,0,0,0,0,0,0,0.2574,0.3424,0.25,0.2894,0.05957,0,0,0,0,0,0,0,0,0,0,0,0,0,0,0,0,0,0,0,0,0,0.007,0,0,0,0,0.01124,0,0.04338,0.02179,0.2677,0.007853,0.02701,0.2276,1
0,0,0,0,0,0,0,0,0,0,0,0,1,0,0,0,0,0,0,0,0,0,0,0,0,0,0,0,0,0,0,0,0,0,0,0,0,0,0,0,0,0,0,0,0,0,0,0,0,0,0,0,0.9455,0,0.002115,0.006752,0.007414,1
0.0525,0.007003,0.1457,0,0.126,0.06211,0,0,0.1787,0.1271,0.105,0.08267,0.07568,0,0,0,0.1016,0,0.4077,0,0.25,0,0.1319,0.3333,0,0,0,0,0,0,0,0,0,0,0,0,0,0,0,0,0,0,0,0,0,0,0,0,0,0.006556,0,0.02538,1,0,0.01542,0.144,0.1881,1
0,0,0,0,0,0,0,0,0,0,0,0,0,0,0,0,0,0,0.3906,0,0,0,0,0,0,0,0,0,0,0,0,0,0,0,0,0,0,0,0,0,0,0,0,0,0,0,0,0,0,0,0,0.4736,0,0,0.0009985,0.003001,0.002595,1
0,0,0.08964,0,0.064,0.3975,0.08803,0.1026,0,0,0,0.05087,0.05766,0,0,0.04354,0.0625,0.06324,0.2043,0,0.405,0,0,0.07256,0,0,0,0,0,0,0,0,0,0,0,0,0,0,0,0,0,0,0,0,0.032,0,0,0,0,0.03653,0,0,0.0472,0,0.001031,0.0135,0.02892,1
0,0,0,0,0,0,0,0.3462,0,0,0,0,0,0.1946,0,0,0,0,0,0,0,0,0.4596,0,0,0,0,0,0,0,0,0,0,0,0,0,0,0,0,0,0,0,0,0,0.054,0,0,0,0,0.04472,0,0.03438,0.1159,0,0.004423,0.0165,0.01446,1
0,0,0,0,0,0,0,0,0,0,0,0,0,0,0,0,0,0,0.36,0,0,0,0,0,0,0,0,0,0,0,0,0,0,0,0,0,0,0,0,0,0,0,0,0,0,0,0,0,0,0,0,0,0,0,0.002043,0.007502,0.004634,1
0,0.03782,0,0,0,0,0.1486,0,0,0.132,0.27,0.08585,0,0,0,0.2952,0,0.1067,0.2934,0,0.135,0,0,0,0,0,0,0,0,0,0,0,0,0,0,0,0,0,0,0,0,0,0,0,0.027,0,0,0,0,0,0,0.06013,0,0,0.0004873,0.003001,0.009639,1
0.225,0,0,0,0,0,0.1238,0,0,0,0,0,0,0,0,0,0.1758,0.1779,0.1629,0,0.34,0,0,0.2041,0,0,0,0,0,0,0,0,0,0,0,0,0,0,0,0,0,0,0,0,0,0,0,0,0,0,0,0.09829,0,0,0.002726,0.0135,0.01131,1
0.0975,0,0,0,0,0.2422,0.1087,0,0,0,0,0.1256,0,0,0,0,0.07617,0,0.2133,0,0.345,0,0.5021,0.1791,0,0,0,0,0,0,0,0,0,0,0,0,0,0,0,0,0,0,0,0,0,0,0,0,0,0.01428,0,0.1102,0.05537,0,0.002516,0.009002,0.01372,1
0,0,0,0,0,0,0,0.2276,0,0,0,0.1129,0,0,0,0.1946,0,0,0.3879,0,0.1787,0,0,0.161,0,0,0,0,0,0,0,0,0,0,0,0,0,0,0,0,0,0,0,0,0.1075,0,0,0,0,0.06205,0,0.02376,0,0,0.001982,0.01125,0.01316,1
0.0475,0.01331,0.08123,0,0.107,0.118,0.02613,0.3109,0.3702,0.1418,0.045,0.1701,0.03423,0.1568,0.03896,0,0,0.2312,0.3339,0.1088,0.2188,0,0.0383,0.06576,0,0,0,0,0,0,0,0,0,0,0,0,0,0,0.008101,0.02074,0,0,0,0,0,0,0,0,0,0,0.1187,0.07273,0.06778,0.01785,0.004925,0.03601,0.1611,1
0,0,0,0,0,0,0,0,0,0,0,0,0,0,0,0.8871,0,0,0.1953,0,0.2712,0,0,0,0,0,0,0,0,0,0,0,0,0,0,0,0,0,0,0,0,0,0,0,0,0,0,0,0,0,0,0.2068,0,0,0.01214,0.02401,0.01668,1
0,0.04902,0.2941,0,0.035,0,0,0,0,0,0,0.1113,0,0,0,0.04762,0,0.2767,0.2214,0,0.175,0,0,0,0,0,0,0,0,0,0,0,0,0,0,0,0,0,0,0,0,0,0,0,0.0175,0,0,0,0,0.01311,0,0.1615,0,0,0.005142,0.09002,0.06469,1
0,0.02941,0,0,0.042,0.2609,0,0,0,0,0,0,0,0,0,0.05714,0,0.083,0.378,0,0,0,0.1787,0,0,0,0,0,0,0,0,0,0,0,0,0,0,0,0,0,0,0,0,0,0.021,0,0,0,0,0.01873,0,0.1159,0.04871,0,0.002282,0.009752,0.02039,1
0.2375,0,0.1317,0.02223,0,0.5901,0,0,0.2,0,0.235,0,0,0,0.6147,0.06395,0.0918,0.4704,0,0,0.1187,0,0,0.1066,0,0,0,0,0,0,0,0,0.0643,0,0,0,0,0,0,0,0,0,0,0,0,0.06583,0,0,0,0.1852,0,0.03042,0.1368,0.06954,0.01295,0.1935,0.1338,1
0,0,0,0,0,0,0,0,0,0,0,0,0,0,0,0,0,0,0,0,0,0,0,0,0,0,0,0,0,0,0,0,0,0,0,0,0,0,0,0,0,0,0,0,0,0,0,0,0,0,0,0,0,0,8.246e-05,0.0015,0.006858,1
0,0.02521,0,0,0,0.2236,0.2022,0,0,0.08802,0.18,0.1161,0,0,0,0.04898,0,0.2174,0.198,0,0.09125,0,0.1532,0,0,0,0,0,0,0,0,0,0,0,0,0,0,0,0,0,0,0,0,0,0,0,0,0,0,0.04285,0,0.06607,0.01846,0.07508,0.004498,0.02626,0.04875,1
0,0.03711,0.1485,0,0.08,0,0.03576,0.08333,0,0.06357,0,0.08426,0.0955,0.0955,0,0,0,0,0.1935,0.0416,0.1,0,0,0,0.01691,0.03381,0,0,0,0,0,0,0.0725,0,0,0,0,0,0,0,0,0,0,0,0,0,0,0,0,0,0,0,0.0121,0,0.002667,0.015,0.03021,1
0,0,0.1457,0,0.158,0,0.1444,0,0,0.2567,0.26,0.2512,0,0,0,0.07075,0,0,0.09451,0,0.065,0,0,0,0.03381,0.06762,0,0,0,0,0,0,0,0,0,0,0,0,0,0,0,0,0,0,0,0,0,0,0,0.05853,0,0,0,0,0.002729,0.0165,0.0202,1
0,0,0.05042,0,0.055,0.2298,0.02476,0.05769,0,0.04401,0,0.02862,0,0,0,0,0,0,0.06661,0,0.04625,0,0.0766,0,0,0,0,0,0,0,0,0,0.07524,0,0,0.1705,0,0,0,0,0,0,0,0,0,0,0,0,0,0.01897,0,0,0.008169,1,0.001988,0.007502,0.0671,1
0,0,0,0,0.049,0,0.1348,0,0.2085,0,0,0,0,0,0,0,0,0,0.1323,0,0.3075,0,0.2085,0,0,0,0,0,0,0,0,0,0,0,0,0,0,0,0,0,0,0,0.1373,0,0,0,0,0,0,0.1091,0,0,0,0,0.002058,0.008252,0.03633,1
0,0.01891,0.2297,0,0.137,0,0.1128,0,0,0.2005,0,0.1304,0,0,0,0.1116,0.05273,0,0.2475,0,0.1375,0,0.3489,0.06122,0,0,0,0,0,0,0,0,0.03694,0,0,0,0,0,0,0,0,0,0,0,0,0,0,0,0,0.05502,0,0.0423,0.05688,0,0.00693,0.09227,0.05505,1
0,0.04692,0.09244,0,0.033,0.205,0.04539,0.1058,0,0,0.335,0.159,0,0,0,0.1361,0.06445,0.06522,0.2412,0.4288,0.3775,0,0,0.1519,0,0,0,0,0,0,0,0,0,0,0,0,0,0,0,0,0,0,0,0,0,0,0,0,0,0.01241,0,0.0288,0,0.06585,0.007663,0.1035,0.05079,1
0,0,0.3109,0,0,0,0.1527,0,0,0,0.555,0.1765,0,0,0,0.302,0,0,0.2997,0,0.4163,0,0,0,0,0,0,0,0,0,0,0,0,0,0,0,0,0,0,0,0,0,0,0,0,0,0,0,0,0.03231,0,0.02484,0.04175,0,0.002549,0.007502,0.009824,1
0.1475,0,0,0,0,0,0.1623,0.1891,0.2511,0.2885,0,0.1876,0,0,0,0,0.5762,0,0.3726,0.3776,0.295,0,0,0,0,0,0,0,0,0,0,0,0,0,0,0,0,0,0,0,0,0,0,0,0,0,0,0,0,0,0,0.07579,0,0,0.007909,0.03376,0.03355,1
0,0,0,0,0,0,0,0,0,0,0,0,0,0,0,0,0,0,0.5554,0,0,0,0,0,0,0,0,0,0,0,0,0,0,0,0,0,0,0,0,0,0,0,0,0,0.123,0,0,0,0,0,0,0.2223,0,0,0.005196,0.006752,0.02465,1
0,0,0,0,0,0,0,0,0,0,0,0,0,0,0,0.2776,0,0,0.09181,0.1632,0,0,0,0,0,0,0,0,0,0,0,0,0,0,0,0,0,0,0,0,0,0,0,0,0,0,0,0,0,0.04074,0,0.03132,0,0,0.00118,0.004501,0.01075,1
0.025,0,0.1148,0,0.01,0.06211,0.01376,0.1667,0.04255,0,0,0.09857,0,0.03604,0,0,0.01953,0,0,0,0,0,0.3106,0,0,0,0,0,0,0,0,0,0,0,0,0,0,0,0,0,0,0,0,0,0,0,0,0,0,0.01124,0,0.00288,0.01936,0,0.001372,0.02101,0.06265,1
0,0.01331,0.1597,0,0.009,0.1739,0.01238,0.02885,0.1617,0.04645,0,0.09062,0.1027,0,0,0.02585,0,0,0.1809,0,0.1787,0,0,0.04308,0,0,0,0,0,0,0,0,0,0,0,0,0,0,0,0,0,0,0,0,0,0,0,0,0.008812,0.05385,0,0.01584,0.03752,0,0.002106,0.03676,0.06803,1
0,0,0,0,0,0.1988,0,0,0,0,0,0,0,0,0,0,0.1875,0,0,0,0,0,0,0,0,0,0,0,0,0.5161,0,0,0,0,0,0,0,0,0.0288,0,0,0,0,0,0,0,0,0,0.04532,0.06322,0.02754,0,0,0,0.001499,0.009752,0.03281,1
0,0,0.03922,0,0.029,0,0,0,0,0,0,0.1415,0,0,0,0.01905,0,0,0,0,0,0,0.05957,0,0,0,0,0,0,0,0,0,0.06019,0,0,0.06682,0,0,0,0,0,0,0,0,0,0,0,0,0.005539,0.01569,0,0,0.006657,0,0.00184,0.007502,0.05431,1
0,0,0.8375,0.009829,0.042,0,0.1169,0,0,0,0.21,0.06677,0,0,0,0.05714,0,0.253,0.3069,0,0.2125,0,0,0,0,0,0,0,0,0,0,0,0,0,0,0,0,0,0,0,0,0,0,0,0,0,0,0,0,0.04776,0,0.1474,0,0,0.005757,0.03076,0.0671,1
0,0,0.3669,0,0,0,0,0,0,0,0,0.2083,0,0,0,0,0,0,0.1179,0,0.6575,0,0,0.2971,0,0,0,0,0,0,0,0,0,0,0,0,0,0,0,0,0,0,0,0,0,0,0,0,0,0,0,0,0.06354,0,0.005247,0.018,0.009824,1
0.5875,0,0,0,0,0,0.3232,0,1,0,0,0.186,0,0,0,0.1592,0,0,0.2115,0,0,0,1,0,0,0,0,0,0,0,0,0,0,0,0,0,0,0,0,0,0,0,0,0,0,0,0,0,0,0,0,0.03024,0.1017,0,0.005361,0.012,0.02187,1
0,0.05252,0.1036,0,0.151,0,0,0.1186,0,0.09046,0.375,0.3005,0,0,0,0.102,0.07227,0.2233,0.5455,0,0.52,0,0,0,0,0,0,0,0,0,0,0,0,0,0,0,0,0,0,0.08525,0,0,0,0,0,0,0,0,0,0,0,0.07471,0.04175,0,0.001405,0.007502,0.01705,1
0,0,0,0,0,0,0,0,0.3872,0,0,0,0,0,0,0,0,0,0.08191,0,0.3438,0,0,0,0,0,0,0,0,0,0,0,0,0,0,0,0,0,0,0,0,0,0,0,0,0,0,0,0,0.03301,0,0.1017,0,0,0.002849,0.02026,0.01594,1
0.095,0,0.5322,0,0.114,0,0,0,0.1617,0.09291,0,0,0,0,0,0,0,0,0.0342,0.1216,0,0,0,0,0.02471,0,0,0,0,0,0,0,0,0,0,0,0,0,0,0,0,0,0,0,0,0,0,0,0,0,0,0.1815,0.01785,0,0.4408,0.8822,0.2185,1
0,0,0,0,0.021,0,0,0,0,0,0,0,0,0,0,0,0,0,0,0,0,0.01574,0,0,0,0,0,0,0,0,0,0,0,0,0,0,0,0,0,0,0,0,0,0,0,0,0,0,0,0.048,0,0.006121,0,0,0.00325,0.0105,0.06265,1
0,0,0.2997,0,0.053,0,0,0,0,0,0,0,0,0,0,0,0,0,0.2898,0.0848,0.1338,0.6042,0,0,0,0,0,0,0,0,0,0,0,0,0,0,0,0,0,0,0,0,0,0,0,0,0,0,0,0,0,0.0477,0.02663,0.7083,0.01509,0.04951,0.06135,1
0,0,0.3669,0,0,0,0,0,0,0,0,0.2083,0,0,0,0,0,0,0.1179,0,0.6575,0,0,0.2971,0,0,0,0,0,0,0,0,0,0,0,0,0,0,0,0,0,0,0,0,0,0,0,0,0,0,0,0,0.06445,0,0.005724,0.018,0.009639,1
0.31,0,0,0,0,0,0,0,0,0.1516,0,0.1971,0,0,0,0.08435,0,0,0.1674,0,0.3875,0,0,0,0,0,0,0,0,0,0,0,0,0,0,0,0,0,0,0,0,0,0,0,0.062,0,0,0,0,0.02341,0,0.1989,0.06082,0,0.01785,0.1155,0.05005,1
0,0,0,0,0,0,0,0,0,0,0,0,0,0,0,0.1755,0,0,0.3501,0,0.4863,0,0,0,0,0,0,0,0,0,0,0,0,0,0,0,0,0,0,0,0,0,0,0,0.0645,0,0,0,0,0,0,0.04248,0,0,0.009267,0.03001,0.01446,1
0.1175,0,0.2633,0,0.094,0,0.1293,0,0,0,0,0.07472,0,0,0,0,0.0918,0,0.3816,0,0.1175,0,0.6,0,0,0,0,0,0,0,0,0,0,0,0.1083,0,0,0,0,0,0,0,0,0,0.0235,0,0,0,0,0.01709,0,0.2257,0.06687,0,0.007373,0.06752,0.04041,1
0.3675,0,0,0,0,0,0,0,0,0.3594,0,0,0.2649,0,0,1,0,0,0.2646,0,0.1837,0,0,1,0,0,0,0,0,0,0,0,0,0,0,0,0,0,0,0,0,0,0,0,0,0,0,0,0,0,0,0.229,0.07685,0,0.007579,0.04651,0.02002,1
0.02,0.005602,0.2129,0,0.085,0.6335,0.03439,0.05449,0.2511,0.01956,0.085,0.0938,0.03063,0,0.9567,0.03401,0.01562,0.1838,0.1458,0.0272,0.0525,0,0.3617,0.01814,0,0,0,0,0,0,0,0,0,0,0,0,0,0,0,0.01843,0,0,0.04762,0.004802,0.004,0.0112,0,0,0,0.01522,0,0.08749,0.0357,0.008,0.009837,0.5011,0.2619,1
0.0675,0,0.07563,0,0,0,0,0,0,0,0,0.2576,0.04865,0,0,0,0.05273,0,0.4383,0,0.1013,0.02024,0.1149,0,0,0,0,0,0,0,0,0,0,0,0,0,0,0,0.0243,0,0,0,0,0,0,0,0,0,0,0,0,0.1573,0.01543,0.03138,0.00687,0.04501,0.06914,1
0.015,0,0.06723,0,0.01,0,0,0.05449,0.07234,0.04156,0,0.0159,0.005405,0,0,0.004082,0,0,0.0405,0,0.025,0,0.01277,0,0.07672,0.1586,0,0,0,0,0,0,0,0,0,0,0.1974,0,0,0,0,0,0.01681,0,0.0225,0,0,0,0.04507,0.07141,0.01775,0.005221,0.003328,0.01415,0.002718,0.01875,0.4651,1
0,0,0,0,0,0,0.0619,0,0,0.11,0.11,0.03498,0,0,0.09524,0.02993,0,0.04348,0.1422,0,0.1412,1,0.383,0,0,0,0,0,0,0,0,0,0,0,0,0,0.03193,0,0,0,0,0,0,0,0,0,0,0,0,0,0,0.006661,0.04539,0.9748,0.01939,0.08477,0.2452,1
0,0,0.3669,0,0,0,0,0,0,0,0,0.2083,0,0,0,0,0,0,0.1179,0,0.6575,0,0,0.2971,0,0,0,0,0,0,0,0,0,0,0,0,0,0,0,0,0,0,0,0,0,0,0,0,0,0,0,0,0.06415,0,0.005724,0.018,0.009639,1
0,0,0,0,0,0,0.2448,0,0,0.4352,0,0,0,0,0,0,0,0,0,0,0,0,0,0,0,0,0,0,0,0,0,0,0,0,0,0,0,0,0,0,0,0,0,0,0,0,0,0,0,0,0,0.09793,0,0,0.001165,0.003001,0.00278,1
0.0225,0.03431,0.1653,0,0.039,0.118,0,0,0.0383,0.09535,0,0.2512,0.03423,0,0,0,0.01758,0,0.3375,0,0.135,0,0,0.04308,0,0,0,0,0,0,0,0,0,0,0,0,0,0,0,0,0,0,0,0,0,0,0,0,0.1959,0.008663,0,0.9384,0.2962,0,0.007168,0.03976,0.137,1
0.0425,0,0.04762,0,0.152,0.2174,0.006878,0.01603,0.02128,0.01222,0.025,0.08267,0.05225,0.009009,0,0,0.125,0.009881,0.3789,0.0368,0.1388,0,0.3447,0.01134,0,0,0,0,0,0,0,0,0,0,0,0,0,0,0,0,0,0,0.01401,0,0,0,0,0,0.002518,0.01218,0,0.0018,0.05053,0,0.001256,0.009002,0.08638,1
0,0,0.1036,0,0.113,0,0.05089,0,0,0.1834,0,0.05882,0,0,0,0.05034,0.1465,0,0.2385,0,0.1412,0,0.1574,0,0,0,0,0,0,0,0,0,0,0,0,0,0,0,0,0,0,0,0,0,0.0565,0,0,0,0,0.01475,0,0.1588,0.05719,0,0.004618,0.05776,0.04671,1
0.135,0,0.3025,0,0.054,0,0.1486,0,0,0,0,0.08585,0,0,0,0.07347,0.1055,0,0.3888,0,0.135,0,0.6894,0,0,0,0,0,0,0,0,0,0,0,0,0,0,0,0,0,0,0,0,0,0.027,0,0,0,0,0,0,0.2193,0.07897,0,0.006481,0.05026,0.03336,1
0,0,0.3922,0,0.046,0,0.06327,0.4487,0,0.1125,0,0,0,0,0,0,0,0,0.252,0,0.2325,0,0,0,0,0,0,0,0,0,0,0,0,0,0,0,0,0,0,0.2143,0,0,0,0,0,0,0,0,0,0.0288,0,0.06661,0,0,0.007702,0.03976,0.05783,1
0.085,0.01751,0.07003,0,0.008,0.2671,0.011,0.08013,0.03404,0.3594,0.17,0.08108,0.1712,0,0.07359,0.01088,0,0,0.2727,0,0.09625,0,0.1447,0.0771,0,0,0,0,0,0,0,0,0,0,0,0,0,0,0,0,0,0,0,0,0.0085,0,0,0,0,0.01147,0,0.04734,0.07958,0.04,0.003112,0.04576,0.09731,1
0,0,0.3529,0,0,0,0,0,0,0,0,0,0.227,0,0,0,0.4941,1,0.2277,0,0.4738,0,0,0,0,0,0,0,0,0,0,0,0,0,0,0,0,0,0,0,0,0,0,0,0,0,0,0,0,0,0,0.342,0.1437,0,0.001144,0.007502,0.01223,1
0.1175,0.02171,0.1317,0,0.005,0.08075,0.006878,0.08333,0.1787,0.1858,0.13,0.1542,0.1027,0.2216,0,0.01361,0.0918,0,0.2907,0,0.1862,0,0.4213,0.0771,0,0,0,0,0,0,0,0,0,0,0,0,0,0,0,0,0,0,0,0,0.001,0,0,0,0,0.01569,0,0.05905,0.2596,0.09662,0.007388,0.1485,0.5855,1
0.1325,0,0.2969,0,0.053,0,0.1458,0,0,0,0,0.08426,0,0,0,0.1442,0.1035,0,0.3825,0,0.1325,0,0.6766,0,0,0,0,0,0,0,0,0,0,0,0,0,0,0,0,0,0,0,0,0,0.0265,0,0,0,0,0,0,0.2175,0.07837,0,0.006834,0.05626,0.03485,1
0,0.03852,0.1541,0,0.223,0,0.07565,0,0,0,0,0.08744,0.0991,0,0,0.07483,0.5449,0,0.3519,0,0.2087,0,0,0,0,0,0,0,0,0,0,0,0,0,0,0,0,0,0,0,0,0,0,0,0,0,0,0,0,0.06064,0,0.2175,0.1044,0,0.005639,0.1043,0.03689,1
0,0,0,0,0,0,0.1692,0,0,0,0,0,0,0,0,0.1673,0,0,0,0,0,0,0,0,0,0,0,0,0,0,0,0,0,0,0,0,0,0,0,0,0,0,0,0,0,0,0,0,0,0,0,0.3509,0,0,0.0005682,0.005251,0.007229,1
0.0575,0.04132,0.06443,0,0.023,0.06832,0,0,0.3489,0.2885,0.055,0.318,0.04144,0,0,0,0.02148,0,0.4356,0.7936,0.2213,0,0,0.05215,0,0,0,0,0,0,0,0,0,0,0,0,0,0,0,0,0,0,0,0,0.0055,0,0,0,0,0.04355,0,0.0234,0.05083,0.01108,0.007136,0.1305,0.1472,1
0,0,0.1541,0,0.111,0,0,0,0,0,0,0,0.1658,0,0.07792,0,0.07227,0.07312,0.2826,0,0.115,0,0,0,0,0,0,0,0,0,0,0,0,0,0,0,0,0,0,0,0,0,0,0,0,0,0,0,0,0.04355,0,0.07813,0,0,0.0005652,0.002251,0.01335,1
0,0,0,1,0,0,0.05777,0,0,0.1027,0,0.06677,0,0,0.1818,0,0,0.253,0.2691,0,0.2662,0,0.5447,0,0,0,0,0,0,0,0,0,0,0,0,0,0.06096,0,0,0,0,0,0,0,0,0,0,0,0,0,0,0,0.1056,0,0.008996,0.07802,0.08156,1
0.18,0,0,0,0,0,0.1994,0,0,0,0,0.1145,0,0,0,0,0.2832,0,0.1962,0.232,0.6375,0,0,0,0,0,0,0,0,0,0,0,0,0,0,0,0,0,0,0,0,0,0,0,0,0,0,0,0,0,0,0.0189,0,0,0.002532,0.018,0.01427,1
0,0.04412,0,0,0.159,0.1925,0,0,0.1319,0,0,0.1002,0,0,0.5498,0.08571,0.06055,0.6285,0.1998,0,0.2387,0,0.1319,0.1429,0,0,0,0.07143,0,0,0,0,0,0,0,0,0,0,0,0.3664,0,0,0,0,0,0,0,0,0,0.06509,0,0.009901,0.1516,0,0.003762,0.06752,0.03429,1
0,0.08754,0,0,0,0,0.1719,0,0,0,0,0,0,0,0,0.1701,0.2441,0.247,0.1125,0,0.4688,0,0,0,0,0,0,0,0,0,0,0,0.171,0,0,0,0,0,0,0,0,0,0,0,0,0,0,0,0.0501,0,0,0.05365,0,0,0.004462,0.02326,0.03151,1
0,0,0.2241,0,0.08,1,0,0,0,0,0,0.1272,0.2901,0,0,0,0,0,0.3627,0,0,0,0,0,0,0,0,0,0,0,0,0,0,0,0,0,0,0,0,0,0,0,0,0,0,0,0,0,0,0,0,0.1575,0,0,0.007496,0.03526,0.02539,1
0.0725,0.01331,0.1905,0,0,0.3602,0,0.1859,0.2468,0.1883,0,0.09221,0.06847,0,0.4199,0,0.03711,0.2885,0.1575,0.0608,0.09625,0,0.2468,0.1542,0,0,0,0,0,0,0,0,0,0,0.02074,0,0,0,0,0,0,0,0,0,0,0,0,0,0,0.007961,0,0.1024,0.06263,0.02092,0.01659,0.5176,0.3129,1
0,0,0,0,0.054,0.1677,0,0.5192,0,0.3961,0,0,0,0,0.2338,0,0,0.05336,0.1944,0,0.3375,0,0,0,0,0,0,0,0,0,0,0,0,0,0,0.3111,0,0,0,0.3733,0,0,0,0,0,0,0,0,0,0.008897,0.02326,0.08335,0,0,0.01041,0.04801,0.07488,1
0.0425,0.01821,0.3389,0,0.043,0.3727,0.05915,0.08333,0.2936,0.1271,0.13,0.2067,0.03063,0,0.2597,0.1061,0.0332,0.2747,0.2187,0.0272,0.1412,0,0.4043,0.03855,0,0,0,0,0,0,0,0,0,0,0,0,0,0,0,0.01843,0,0,0,0,0.004,0,0,0,0,0.02529,0,0.04878,0.07352,0.008,0.008088,0.4366,0.2547,1
0.055,0,0,0,0,0.1366,0.03026,0,0,0.05379,0,0.03498,0,0,0,0.02993,0,0,0.1827,0,0.0275,0,0,0,0,0,0,0,0,0,0,0,0,0,0,0,0,0,0,0,0,0,0,0,0,0,0,0,0,1,0,0.1165,0,0,0.001303,0.015,0.03967,1
0,0,0.2185,0,0.117,0,0,0,0,0,0,0.062,0,0,0,0.1061,0,0,0.1404,0,0.245,0,0,0.1769,0,0,0,0,0,0,0,0,0,0,0,0,0,0,0,0,0,0,0,0,0,0,0,0,0,0,0,0,0.02844,0,0.004664,0.01425,0.04096,1
0,0,0.3221,0,0.038,0.236,0,0,0,0,0,0.06041,0,0,0,0.2095,0,0,0.486,0,0.2888,0,0,0.08617,0,0,0,0,0,0,0,0,0,0,0,0,0,0,0,0,0,0,0,0,0,0,0,0,0,0.04589,0,0.04698,0,0,0.006996,0.04126,0.05023,1
0,0,0,0,0.101,0,0,0,0,0,0,0,0,0,0,0,0,0,0,0,0,0,0,0,0,0,0,0,0,0,0,0,0,0,0,0,0.7329,0,0,0,0,0,0,0,0,0,0,0,0,0.0206,0,0,0.02663,0,0.008573,0.02401,0.03967,1
0,0,0,0,0,0,0,0,0,0,0,0,0,0,0,0.219,0,0,0,0,0,0.1207,0,0,0,0,0,0,0,0,0,0,0,0,0,0,0,0,0,0,0,0,0,0,0,0,0,0,0.1798,0,0,0.04284,0,0,0.004997,0.007502,0.01909,1
0,0,0,0,0,0,0,0.3558,0,0,0,0,0,0,0,0,0,0,0,0,0,0,0.4723,0,0,0,0,0,0,0,0,0,0,0,0,0,0,0,0,0,0,0,0,0,0.0555,0,0,0,0,0.0487,0,0.03744,0.1259,0,0.004423,0.0165,0.01446,1
0,0,0.08123,0,0.059,0.1801,0.03989,0,0.1234,0.4352,0,0.1415,0,0,0,0,0.1152,0.05731,0.3744,0,0.1113,0,0,0,0,0,0,0,0,0,0,0,0,0,0,0,0,0,0,0,0,0,0,0,0,0,0,0,0,0.03208,0,0.008101,0.01362,0,0.01679,0.1215,0.09027,1
0.105,0.02731,0.1008,0,0.013,0.0559,0.01238,0.01923,0.2085,0.2225,0.13,0.08744,0.07568,0.1946,0.01299,0.03537,0.08203,0.005929,0.2475,0,0.1588,0,0.1362,0.1179,0,0,0,0,0,0,0,0,0,0,0,0,0,0,0,0,0,0,0,0,0.0045,0,0,0,0.008056,0.02435,0.009792,0.06211,0.1558,0.06708,0.006945,0.09977,0.4634,1
0,0,0,0,0.096,0,0.132,0,0,0,0,0,0,0,0,0.1306,0,0,0,0,0.24,0,0,0,0,0,0,0,0,0,0,0,0,0,0,0,0,0,0,0,0,0,0,0.05762,0,0,0,0,0,0,0,0.1483,0,0,0.003036,0.04951,0.02169,1
0,0.05672,0,0,0.203,0,0,0.1282,0,0.2958,0,0.1288,0,0,0,0.05442,0,0,0.3285,0,0.2025,0,0.6894,0.0907,0,0,0,0,0,0,0,0,0,0,0,0,0,0,0,0,0,0,0,0,0.02,0,0,0,0,0,0,0,0.0823,0,0.003286,0.02476,0.03058,1
0,0,0.1485,0,0.053,0,0.0729,0,0,0.1296,0,0,0,0,0,0,0.1035,0,0.5266,0,0.3987,0,0,0,0,0,0,0,0,0,0,0,0,0,0,0,0,0,0,0,0,0,0,0,0,0,0,0,0,0.02107,0,0.06499,0,0,0.002154,0.0135,0.01427,1
0,0,0,0,0,0,0,0,0,0,0,0,0.4739,0,0,0,0,0,0.2367,0,0.2188,0,0.3702,0,0,0,0,0,0,0,0,0,0,0,0,0,0,0,0,0,0,0,0,0,0,0,0,0,0.03625,0,0,0.7033,0,0,0.01938,0.05176,0.03596,1
0,0,0,0,0,0,0,0,0,0,0,0,0,0,0,0.1429,0.2051,0,0.2835,0,0.2625,0,0,0,0,0,0,0,0,0,0,0,0,0,0,0,0,0,0,0,0,0,0,0,0.0525,0,0,0,0,0.08546,0,0.06571,0.05507,0,0.003513,0.02026,0.01965,1
0.19,0.02661,0,0,0.038,0.236,0,0,0,0.09291,0,0.2432,0,0,0,0,0,0,0.1728,0,0.3837,0.02849,0,0,0,0,0,0,0,0,0,0,0,0,0,0,0,0,0,0,0,0,0,0,0,0,0,0,0,0.02903,0,0.02232,0,0.03815,0.1333,0.5506,0.1665,1
0,0,0,0,0.156,0,0.2146,0,0,0,0,0,0,0,0,0,0,0,0.1404,0,0,0,0,0,0,0,0,0,0,0,0,0,0,0,0,0,0,0,0,0,0,0,0,0,0,0,0,0,0,0,0,0.1381,0.07716,0,0.01062,0.06002,0.01779,1
0,0,0.1317,0,0.143,0,0,0,0,0,0,0.151,0,0,0,0.06395,0.1855,0,0.3006,0,0.2387,0,0.2,0,0,0,0,0,0,0,0,0,0,0,0,0,0,0,0,0,0,0,0,0,0.0715,0,0,0,0,0.01779,0,0.09649,0.09259,0,0.005477,0.05776,0.04467,1
0,0,0,0,0,0,0,0,0,0,0,0,0,0,0,0.1619,0.2324,0,0.1071,0,0,0,0.5064,0,0,0,0,0,0,0,0,0,0,0,0,0,0,0,0,0,0,0,0,0,0,0,0,0,0,0,0,0.2126,0.2381,0,0.00431,0.02251,0.01705,1
0,0,0,0,0.086,0,0.1183,0,0,0,0,0,0,0,0.3723,0,0,0.3399,0.07741,0,0,0,0,0,0,0,0,0,0,0,0,0,0,0,0,0.1982,0,0,0,0,0,0,0,0,0.043,0,0,0,0,0.06369,0,0,0.04115,0,0.005309,0.02251,0.02002,1
0.0375,0,0.3417,0,0.045,0,0.02063,0,0.2596,0.1491,0,0.1208,0.05405,0,0.1299,0.08299,0.1191,0,0.1647,0.072,0.3438,0,0,0.06803,0,0,0,0,0,0,0,0,0,0,0,0,0,0,0,0,0,0,0,0,0,0,0,0,0,0.02622,0,0.1257,0.02027,0,0.006148,0.04651,0.1483,1
0.065,0.003501,0.4062,0,0.037,0.06211,0,0,0.04255,0.02445,0.105,0.1701,0,0,0,0,0,0,0.3042,0,0.1737,0,0,0.07256,0,0,0,0,0,0,0,0,0,0,0,0,0,0,0,0,0,0,0,0,0.0025,0,0,0,0,0.01779,0,0.04716,0.05628,0.01538,0.01618,0.2161,0.4239,1
0,0.3333,0,0,0,0,0,0,0,0.291,0,0,0,0,0,0,0,0.4704,0,0,0,0,0,0,0,0,0,0,0,0,0,0,0,0,0,0,0,0,0,0,0,0,0,0,0,0,0,0,0,0,0,0,0,0,0.006334,0.02776,0.02984,1
0,0,0,0,0.068,0,0,0,0,0.4425,0,0.1081,0,0,0,0.02993,0,0,0.306,0,0.2263,0,0,0,0,0,0,0,0,0,0,0,0,0,0,0,0,0,0,0,0,0.03151,0,0,0.011,0,0,0,0.04003,0.1306,0.09731,0.03582,0,0,0.007633,0.06152,0.09805,1
0,0.0119,0.2885,0,0.068,0.1056,0.09354,0,0,0.04156,0,0.02703,0.03063,0,0.1472,0.1401,0.06641,0.0336,0.3096,0,0.1713,0,0,0,0,0,0,0,0,0,0,0,0,0,0,0,0,0,0,0.03917,0,0,0,0,0,0,0,0,0,0.01967,0,0.01008,0.0593,0,0.001889,0.03901,0.03837,1
0.2175,0.0119,0.1457,0,0,0.1988,0,0.01282,0.1234,0.1027,0.195,0.2178,0.1568,0.3045,0,0.04354,0.1055,0.04348,0.3123,0.0464,0.165,0,0.1447,0.1905,0,0,0,0,0,0,0,0,0,0,0,0,0,0,0,0,0,0,0,0.0012,0.0035,0,0.01843,0,0.004028,0.01358,0,0.1149,0.04992,0.112,0.004043,0.08702,0.6482,1
0.0475,0.01331,0.05322,0,0.108,0.118,0.02613,0.3141,0.3787,0.1443,0.045,0.1717,0.03423,0.1604,0.03896,0,0,0.2332,0.3465,0.0944,0.2225,0,0.0383,0.06576,0,0,0,0,0,0,0,0,0,0,0.02074,0,0,0,0.008101,0.02074,0,0,0,0,0,0,0,0,0,0,0.1163,0.07417,0.06717,0.009231,0.00479,0.03601,0.1507,1
0.1075,0.01821,0.1204,0,0.078,0.1615,0,0.05449,0.1447,1,0.04,0.194,0.07748,0,0.3377,0.1537,0.05078,0.3775,0.2115,0,0.2938,0,0.03404,0.09751,0,0,0,0,0,0,0,0,0,0,0,0.01843,0,0,0,0.01843,0,0,0,0,0,0,0,0,0.0141,0.05643,0.0257,0.1276,0.01694,0,0.004976,0.09377,0.208,1
0.035,0.01261,0.2213,0,0.004,0.08696,0.02476,0.08974,0.1191,0.2054,0.09,0.07313,0.1099,0.01622,0.1385,0.1211,0.07227,0.09091,0.342,0.0064,0.2338,0,0.1957,0.06349,0,0,0,0,0,0,0,0,0,0,0,0,0,0,0,0.06452,0,0,0,0,0.014,0.005602,0,0,0,0.02365,0,0.09397,0.03298,0.03815,0.007135,0.08627,0.382,1
0.245,0.0112,0.1148,0,0.008,0.1491,0,0.02564,0,0.1198,0.04,0.09062,0.1622,0,0.06926,0,0,0.06324,0.2214,0,0.1425,0,0.2085,0.2585,0,0,0,0,0,0,0,0,0,0,0,0,0,0,0,0,0,0,0,0,0,0,0,0,0,0.02224,0,0.1352,0.07716,0.05846,0.004742,0.06227,0.1318,1
0,0,0,0,0.104,0.646,0,0,0,0,0,0,0,0,0,0.8503,0,0,0.3744,0,0,0,0,0,0,0,0,0,0,0,0,0,0,0,0,0,0,0,0,0,0,0,0,0,0,0,0,0,0,0,0,1,0,0,0.003411,0.009752,0.01742,1
0,0,0.08123,0,0.087,0,0.03989,0,0.3702,0,0,0.2305,0,0,0,0,0,0.05731,0.4716,0,0.1812,0,0,0.06576,0,0,0,0,0,0,0,0,0,0,0,0,0,0,0,0,0,0,0,0,0,0,0,0,0,0.009834,0,0,0.02572,0,0.006214,0.02401,0.0456,1
0,0,0,0,0,0,0,0,0,0,0,0.1145,0,0,0,0,0,0,0,0,0,0,0,0,0,0,0,0.1106,0,0,0,0,0,0,0,0.0553,0,0,0.0432,0,0,0,0,0,0,0,0,0,0,0.04355,0,0,0,0,0.002733,0.02776,0.0443,1
0,0,0,0,0.065,0,0.08941,0,0,0,0,0,0,0,0,0.08844,0,0,0.5293,0,0.08125,0,0,0,0,0,0,0,0,0,0,0,0,0,0,0,0,0,0,0,0,0,0,0,0.0325,0,0,0,0,0,0,0.3177,0,0,0.003036,0.015,0.02169,1
0,0,0,0,0,0,0,0,0,0.2641,0,0,0,0,0,0.4435,0,0,0.4887,0,0,0,0,0,0,0,0,0,0,0,0,0,0,0,0,0,0,0,0,0,0,0,0,0,0,0,0,0,0,0,0,0.3874,0,0,0.006312,0.02626,0.01816,1
0.215,0,0.2409,0,0,0,0,0,0,0,0,0,0,0,0,0.117,0.6719,0,0.3879,0,0.1075,0,0.366,0,0,0,0,0,0,0,0,0,0,0,0,0,0,0,0,0,0,0,0,0,0,0,0,0,0,0,0,0.1671,0.0466,0.09477,0.002112,0.004501,0.009639,1
0,0,0,0,0,0,1,0,0,0,0,0,0,0,0,0,0,0,0,0,0,0,0,0,0,0,0,0,0,0,0,0,0,0,0,0,0,0,0,0,0,0,0,0,0,0,0,0,0,0,0,0.05347,0,0,0.001499,0.005251,0.009453,1
0,0,0,0,0.151,0,0,0,0,0,0,0.4817,0,0,0,0,0,0,0.1359,0,0,0,0,0,0,0,0,0,0,0,0,0,0,0,0,0,0,0,0,0,0,0,0,0.09064,0,0,0,0,0,0.1281,0,0,0,0,0.001124,0.003001,0.005005,2
0,0,0,0,0,0,0,0,0,0,0,0.1367,0.155,0,0,0,0,0,0,0,0,0,0,0,0.2256,0,0,0,0,0,0,0,0,0,0,0,0.1248,0,0,0,0,0,0,0,0,0,0,0,0,0,0,0,0,0,0.001982,0.007502,0.01316,2
0,0,0,0,0,0,0,0,0,0,0,0.1447,0,0,0,0,0.1777,0,0.2475,0,0,0,0,0,0.119,0,0,0,0,0,0,0,0,0,0,0,0.1321,0,0,0,0,0.06373,0,0,0,0,0,0,0.07578,0,0,0.05419,0,0,0.001412,0.005251,0.01242,2
0.0275,0,0.03081,0,0.011,0.06832,0,0,0.4383,0,0,0.05405,0,0,0,0,0,0,0.0405,0,0.0275,0,0,0,0.03706,0.08843,0.0044,0,0,0,0,0,0.04651,0,0,0,0.03193,0,0,0,0,0,0,0,0,0,0,0,0.01964,0.04004,0.01897,0,0.00938,0,0.003609,0.03001,0.09898,2
0,0,0,0,0,0,0,0,0,0,0,0,0,0,0,0,0,0,0,0,0,0,0,0,0.2406,0.4811,0.148,0,0,0,0,0,0,0,0,0,0,0,0,0,0,0,0,0,0,0,0,0,0,0,0.3947,0,0,0.3969,0.002831,0.005251,0.004634,2
0,0,0,0,0,0,0,0,0,0,0,0,0,0,0,0,0,0,0,0,0,0,0,0,0,0,0,0,0,0,0,0,0,0,0,0,0,0,0,0,1,0,0,0,0,1,0,0,0,0,0,0,0,0,0.006747,0.006752,0.001854,2
0,0,0,0,0,0,0,0,0,0,0,0.1606,0,0,0,0,0,0,0,0,0.1263,0,0,0,0.06567,0,0,0,0,0,0,0,0,0,0.4654,0.2327,0,0,0.09091,0,0,0,0,0,0,0,0,0,0,0,0,0,0,0,0.00316,0.018,0.02113,2
0.04,0.005602,0,0,0,0,0,0,0.06809,0.08068,0,0.1065,0,0,0.03463,0,0.09766,0.06522,0.05221,0.0256,0.0525,0,0,0.01814,0.08713,0.07542,0,0,0,0.01843,0,0,0,0,0,0.2512,0.1945,0,0.0144,0,0,0,0,0.004802,0,0,0,0,0.02115,0.09553,0.03672,0,0.003631,0,0.004766,0.07727,0.3066,2
0,0,0,0,0,0,0,0,0,0.3325,0,0,0,0,0.5887,0,0,0,0,0,0,0,0,0,0.08843,0.1769,0,0,0,0,0,0,0.186,0,0,0,0.1974,0,0,0,0,0,0.381,0,0,0,0,0,0,0.09459,0.1236,0,0,0,0.003798,0.012,0.009639,2
0,0,0,0,0,0,0,0,0,0,0,0,0,0,0,0,0,0,0,0,0,0,0,0,0,0,0,0,0,0,0,0,0,0,0,0,0.2845,0,0.1764,0,0,0,0.2745,0,0,0,0,0.9159,0,0.08827,0,0.0225,0,0,0.002886,0.0195,0.0291,2
0,0,0.09804,0,0.035,0.441,0,0,0,0,0,0.1129,0,0,0,0,0,0,0.06391,0,0.04375,0,0,0,0,0,0,0,0,0,0,0,0.04788,0,0,0,0.0508,0,0.0315,0,0,0,0.09804,0,0.0175,0,0,0,0,0.02903,0,0.06697,0,0,0.000961,0.008252,0.0202,2
0,0,0,0,0,0,0,0,0,0,0.19,0.03021,0,0,0,0,0,0,0.1197,0,0.0475,0,0,0,0.01235,0,0,0,0,0,0,0,0,0,0,0,0,0,0,0.04378,0,0,0,0,0,0,0,0,0,0.03606,0,0.005401,0,0.01846,0.002777,0.008252,0.07173,2
0,0,0,0,0.322,0,0,0,0,0,0,0.5119,0,0,0,0,0,0,0,0,0,0,0,0,0,0,0.1288,0,0,0,0,0,0,0,0,0,0,0,0,0,0,0.2255,0,0,0.3225,0,0,0,0,0.1199,0,0,0,0,0.002099,0.007502,0.004263,2
0,0,0,0,0,0,0,0,0,0,0,0.07154,0,0,0,0,0,0,0,0,0,0,0,0,0.1177,0.05852,0,0,0,0.2074,0,0,0,0,0,0.1037,0,0,0,0,0,0,0,0,0.0225,0,0,0,0,0,0,0,0,0,0.0006657,0.003001,0.01909,2
0,0,0,0,0,0,0,0,0,0,0,0,0,0,0,0,0,0,0,0,0,0,0,0,0,0,0,0,0,0,0,0,0,0,0,0,0,0,0,0,0,0,0,0,0.125,0,0,0,0,0,0,0,0,0,0.0004993,0.0015,0.002039,2
0,0,0,0,0,0,0,0,0,0,0,0,0,0,0,0,0,0,0.09181,0,0.1275,0,0,0,0,0,0,0,0,0,0,0,0,0,0,0,0,0.6538,0,0,0,0.07143,0,0,0,0,0,0,0,0,0,0,0.04297,0,0.001285,0.006752,0.01186,2
0.2125,0.05952,0,0,0.17,0,0,0,0,0.2078,0,0.1351,0,0,0,0,0,0,0,0,0.1062,0,0,0,0,0.1105,0,0,0,0,0,0,0,0,0,0,0,0,0,0,0,0,0,0,0,0,0,0,0,0.06439,0,0,0,0,0.0008246,0.003001,0.005561,2
0,0,0,0,0,0,0,0.2756,0,0,0,0.4102,0,0,0,0,0.168,0,0.2322,0,0,0,0,0,0.1118,0,0,0,0,0.1982,0,0,0,0,0,0.1982,0,0,0,0,0,0,0,0,0,0,0,0,0,0,0,0.02538,0,0,0.0008021,0.005251,0.007785,2
0,0,0,0,0,0,0,0,0,0.1345,0,0.08744,0,0,0,0,0,0,0.09991,0,0.06875,0,0,0,0.1801,0.2887,0.0444,0.1267,0.03852,0.1267,0.1267,0.1267,0.07524,0.1267,0.1267,0.1267,0.2409,0,0.0495,0.1267,0,0,0.3109,0,0.0555,0,0,0,0,0.1412,0.05263,0,0,0,0.001669,0.009002,0.03077,2
0.09,0,0.4118,0,0.036,0,0,0,0.1532,0,0.18,0.5278,0,0,0,0,0,0,0.09901,0,0.045,0,0,0,0.02341,0.04681,0,0,0,0,0,0,0,0,0,0,0.1597,0,0,0,0,0.07703,0,0,0,0,0,0,0,0.01194,0,0,0,0,0.001939,0.03301,0.0317,2
0.225,0,0,0,0,0,0,0,0,0,0,0.1431,0,0,0,0,0,0,0,0,0,0,0,0,0.05852,0.117,0,0,0,0,0,0,0,0.2074,0,0,0.1306,0,0,0,0,0,0,0,0,0,0,0,0,0.03512,0,0,0,0,0.003336,0.01575,0.02373,2
0,0,0,0,0.059,0,0,0,0,0,0,0.0938,0,0,0,0,0,0,0,0,0,0,0,0,0.1164,0.1938,0,0.1359,0,0.2051,0,0,0,0,0.06682,0,0,0,0,0,0,0,0,0.01741,0,0,0,0,0,0.03301,0,0,0,0,0.001304,0.01725,0.03207,2
0.17,0,0,0,0,0,0,0,0,0,0,0.1081,0,0,0,0.09252,0,0,0.4923,0,0,0,0,0,0.04421,0,0.0272,0,0,0,0,0,0,0,0,0.1567,0,0,0,0,0,0,0,0,0.034,0,0,0,0,0.03231,0,0,0,0,0.0001499,0.0015,0.003892,2
0,0,0.05602,0,0.06,0.1242,0,0,0.04255,0,0,0.07949,0,0,0,0,0.01953,0,0.018,0,0,0,0,0,0,0,0,0,0,0,0,0,0,0,0,0,0.01451,0,0,0,0,0,0,0,0,0,0,0,0,0.01147,0,0,0,0,0.0001994,0.006752,0.04856,2
0,0,0,0,0,0,0,0,0,0,0,0,0,0,0,0,0,0,0.153,0,0.1062,0,0,0,0.05527,0,0,0,0,0,0,0,0.1163,0,0,0,0,0,0,0,0,0.05952,0,0.05102,0,0,0,0,0,0,0.08446,0,0,0,0.0003418,0.002251,0.007785,2
0,0,0,0,0,0,0,0,0,0,0,0,0,0,0,0,0,0,0,0,0.3375,0,0,0,0,0,0.108,0,0,0,0,0,0,0,0,0,0,0,0,0,0,0,0,0,0,0,0,0,0,0,0,0.07777,0,0,0.001499,0.01125,0.01094,2
0,0,0,0,0,0,0,0,0,0,0,0.1176,0,0,0,0,0,0.1462,0.1341,0,0,0,0,0,0.2906,0.29,0,0.1705,0,0.1705,0.1705,0,0,0,0.1705,0.1705,0,0,0,0,0,0,0,0,0,0,0,0,0,0.02388,0.1248,0.01836,0,0.1255,0.001681,0.006752,0.01594,2
0,0,0,0,0,0,0,0,0,0,0,0,0,0,0,0,0,0,0,0,0,0,0,0,0,0,0,0,0,0,0,0,0,0,0,0,0,0,0,0,0,0,0,0,0,0,0,0,0,0,0,0,0,0,0.0003328,0.0007502,0.001854,2
0.0025,0.0007003,0.03641,0,0.013,0.006211,0,0,0.004255,0.03178,0.015,0.07154,0.005405,0.01261,0,0.01497,0.1035,0.01383,0.006301,0,0.00375,0,0.004255,0,0,0,0,0,0.0007003,0,0,0,0.2148,0,0,0.02535,0.1248,0,0,0.006912,0,0.002101,0.008403,0.0006002,0.0005,0.03221,0,0.1402,0.002014,0.02599,0,0.00036,0,0.006154,0.001658,0.04276,0.5609,2
0,0,0.2185,0,0,0,0,0,0,0,0,0.2496,0,0,0,0,0,0,0.2826,0,0,0,0,0,0,0,0,0.3618,0,0,0,0,0,0,0,0,0,0,0,0,0,0.05462,0,0,0,0.1092,0,0,0,0.1023,0,0.01566,0,0,0.002717,0.009002,0.0165,2
0,0,0.1849,0,0,0,0,0,0,0,0,0,0,0,0,0,0,0,0.05941,0,0,0,0,0,0.13,0.3459,0,0.1521,0,0,0,0,0,0,0.1521,0,0.193,0,0.05941,0,0,0,0.1849,0,0,0,0,0,0,0.02435,0.1279,0.01872,0,0,0.001727,0.012,0.02335,2
0,0,0,0,0,0,0,0,0,0,0,0,0,0,0,0,0,0,0,0,0,0,0,0,0,0,0.2664,0,0,0,0,0,0,0,0,0,0,0,0,0,0,0,0,0,0,0,0,0,0.3031,0,0,0,0,0,0.0004273,0.0007502,0.001483,2
0,0,0,0,0,0,0,0,0,0,0,0,0,0,0,0,0,0,0,0,0,0,0,0,0,0,0.08,0,0.1401,0,0,0,0.2736,0,0,0,0,0,0,0,0,0,0,0,0,0,0,0,0,0.08007,0,0,0,0.2105,0.002624,0.004501,0.01001,2
0,0,0.08123,0,0,0,0,0,0,0,0,0,0,0,0,0,0,0,0,0,0,0,0,0,0,0,0,0,0,0,0,0,0,0,0,0,0,0.1859,0,0,0,0,0,0,0.0145,0,0,0,0.02518,0.08265,0.0306,0,0,0,0.0003403,0.002251,0.004819,2
0,0,0,0,0,0,0,0,0,0,0,0.1622,0,0,0,0,0,0,0,0,0,0,0,0,0.199,0.5306,0,0,0,0,0,0,0,0,0.1175,0,0,0,0,0,0,0,0,0,0,0,0,0,0,0.05081,0,0,0,0,0.001076,0.008252,0.02243,2
0.045,0.009804,0.07003,0,0,0,0,0.02244,0,0.03423,0.015,0.1224,0.01261,0.005405,0,0,0.005859,0.03557,0.009901,0,0.03125,0.005247,0,0,0,0,0,0,0.002101,0.02535,0,0,0.004104,0,0,0.08525,0.08999,0,0,0,0.02521,0,0.008403,0,0,0.03081,0,0.1682,0.004783,0.09693,0,0.0007201,0,0,0.002088,0.02926,0.3325,2
0,0.01751,0.03361,0,0.037,0,0,0.03846,0,0.09046,0.125,0.05882,0.02162,0,0,0,0.02344,0,0.0333,0,0.015,0,0.05106,0,0.1632,0,0,0,0,0.0576,0,0,0.01642,0,0,0,0.01742,0,0,0,0,0,0,0,0,0,0,0,0.004028,0.01171,0,0.009001,0,0,0.00212,0.018,0.06784,2
0,0,0,0,0,0,0,0,0,0,0,0,0,0,0,0,0,0,0.06301,0,0,0,0,0,0,0,0,0,0,0,0,0,0,0,0,0,0,0,0,0,0,0,0,0,0,0,0,0,0,0.04472,0,0,0.02874,0.05846,0.001031,0.007502,0.01891,2
0.0125,0,0,0,0,0.06211,0,0,0,0.02445,0.025,0.07631,0,0,0.02165,0.02857,0.01953,0,0.1458,0.008,0.135,0,0.08936,0.01134,0.1333,0.06242,0.002,0.03687,0,0.03687,0.06221,0,0,0,0.04839,0,0.03919,0,0.0144,0,0,0,0,0,0.0025,0,0,0.09346,0,0.06767,0.00918,0.01116,0.01392,0,0.00151,0.02326,0.19,2
0.015,0,0,0,0,0.07453,0,0,0,0.02934,0,0.03021,0,0,0.02597,0.02585,0.02344,0,0.1566,0.0096,0.1537,0,0.1064,0.01361,0.1469,0.04941,0.0024,0.04378,0,0.04378,0.07373,0,0,0,0.0576,0,0.04644,0,0.0171,0,0,0,0,0,0.003,0,0,0.1121,0,0.07727,0.01102,0.01152,0.01664,0,0.001535,0.018,0.1661,2
0.18,0,0,0,0,0,0,0,0,0,0,0.2305,0,0,0,0,0,0,0.06481,0,0,0,0,0,0,0,0,0,0,0,0,0,0,0,0,0,0,0,0,0,0,0,0,0,0,0,0,0.6729,0,0,0,0,0,0,0.0006102,0.003751,0.006858,2
0,0,0,0,0.054,0.3354,0,0,0,0,0,0.1733,0,0,0,0,0,0,0.1467,0,0.0675,0,0,0,0,0,0,0,0,0,0,0,0,0,0,0,0,0,0,0,0,0.03782,0,0,0,0,0,0,0.07528,0.04659,0,0,0,0,0,0,0.00241,2
0,0,0,0,0.5,0,0,0,0,0,0,0,0,0,0,0,0,0,0,0,0,0,0,0,0,0,0,0,0,0,0,0,0,0,0,0,0,0,0,0,0,0,0,0,0,0,0,0,0,0,0,0,0,0,0.003748,0.006002,0.003707,2
0.1875,0,0.1036,0,0,0,0,0,0,0,0,0,0.06667,0,0,0,0,0,0.1008,0,0.2338,0,0,0,0.04876,0.04811,0.0748,0.08525,0.02591,0.08525,0.08525,0.08525,0,0.08525,0.08525,0.08525,0.1089,0,0.0333,0.08525,0,0,0.7367,0,0.0375,0,0,0,0,0.07141,0,0.01098,0,0,0.001354,0.009002,0.02169,2
0,0,0,0,0,0,0,0,0,0,0,0.1653,0,0,0,0,0,0,0.468,0,0,0,0,0,0,0,0.0416,0,0,0,0,0,0,0,0,0,0,0,0,0,0,0,0,0,0,0,0,0,0,0.04566,0,0,0,0,0.0001064,0.0007502,0.002595,2
0,0,0,0,0.087,0,0.1197,0,0,0,0,0,0,0,0,0.3578,0,0.1719,0.2367,0,0,0,0,0,0,0,0,0,0,0,0,0,0,0,0,0,0,0,0,0,0,0,0,0,0,0,0,0,0,0,0,0.1437,0.04811,0,0.02617,0.1013,0.03744,2
0.0625,0,0,0,0.025,0.1553,0,0,0,0,0,0.08108,0,0.04505,0,0,0,0.04941,0.0459,0,0.03125,0,0,0,0,0.03251,0,0,0,0,0,0,0.0342,0,0,0,0,0,0,0,0.03501,0,0,0,0,0.03501,0,0.2336,0,0.0192,0,0,0,0.02523,0.0004303,0.002251,0.01557,2
0,0,0,0,0,0,0,0,0,0,0,0,0,0,0,0,0,0,0,0,0,0,0,0,0,0,0.8,0,0,0,0,0,0,0,0,0,0,0,0,0,0,0,0,0,0,0,0,0,0,0,0,0,0,0,0,0,0.0007414,2
0,0,0,0,0,0,0,0,0,0,0,0.5374,0,0,0,0,0.3301,0,0,0,0,0,0,0,0,0,0,0,0,0,0,0,0,0,0,0,0,0,0,0,0,0,0,0,0,0,0,0,0,0.04776,0,0.07345,0,0,0.007777,0.03451,0.01816,2
0,0,0.08964,0,0.032,0,0,0,0,0,0,0.1017,0,0,0,0,0,0,0.0288,0,0,0,0,0,0.04161,0.08322,0,0,0,0,0,0,0,0,0,0.07373,0.09289,0,0,0,0,0,0,0,0,0,0,0,0,0.009365,0,0,0,0,0.001015,0.006752,0.02873,2
0,0,0,0,0,0,0,0,0,0,0,0.1558,0,0,0,0,0,0,0,0,0,0,0,0,0.03186,0.1274,0,0,0,0,0,0,0,0,0,0,0,0,0,0,0,0,0,0,0,0,0,0.4579,0,0,0,0.02862,0,0,0.0006747,0.004501,0.01353,2
0,0,0,0,0,0,0,0,0,0,0,0,0,0,0,0,0,0,0,0,0,0,0,0,0,0,0.8,0,0,0,0,0,0,0,0,0,0,0,0,0,0,0,0,0,0,0,0,0,0,0,0,0,0,0,0,0,0.0005561,2
0,0,0,0,0,0,0,0,0,0,0,0,0,0,0,0,0,0,0,0,0,0,0,0,0,0,0,0,0,0,0,0,0,0,0,0,0,0,0,0,0,0,0,0,0.068,0,0,0,0,0,0,0,0,0,0,0,0.001297,2
0,0,0.06162,0,0,0,0,0,0,0,0,0.1081,0.1622,0,0,0.02993,0.04297,0,0,0,0,0,0,0,0.08843,0,0,0,0,0,0.05069,0,0,0,0,0,0.06531,0,0,0,0,0,0,0,0,0,0,0,0,0.02201,0,0,0,0,0.001772,0.03076,0.03744,2
0,0,0,0,0,0,0,0,0,0,0,0.2146,0,0,0,0,0,0,0.243,0,0.1688,0,0,0,0,0.1756,0,0,0,0,0,0,0,0,0,0,0,0,0,0,0,0,0.3782,0,0,0,0,0,0,0,0,0,0,0,0.001319,0.003001,0.008526,2
0,0,0,0,0,0,0,0,0,0,0,0,0,0,0,0,0,0,0,0,0,0,0,0,0,0,1,0,0,0,0,0,0,0,0,0,0,0,0,0,0,0,0,0,0,0,0,0,0,0,0,0,0,0,0.001999,0.003001,0.001112,2
0,0,0,0,0,0,0,0,0,0,0,0.7568,0,0,0,0,0,0,0,0,0,0,0,0,0,0,0,0,0,0,0,0,0,0,0,0,0,0,0,0,0,0,0,0,0,0,0,0,0,0,0,0.1384,0,0,0.0006417,0.002251,0.001668,2
0,0,0,0,0,0,0,0,0,0,0,0,0,0,0,0,0,0,0,0,0,0,0,0,0.6047,0,0,0,0,0,0,0,0,0,0,0,0,0,0,0,0,0,0,0,0,0,0,0,0,0,0,0,0,0,0.003331,0.006002,0.00519,2
0,0,0,0,0,0,0,0,0,0,0,0.5072,0,0,0,0,0.207,0,0,0,0,0,0,0,0,0.1378,0,0,0,0,0,0,0,0,0,0,0,0,0.09541,0,0,0,0,0,0,0,0,0,0,0.03348,0,0,0,0,0.00257,0.009002,0.0139,2
0,0,0,0,0,0,0,0,0,0,0,0,0,0,0,0,0,0,0,0,0,0,0,0,0,0,0,0,1,0,0,0,0,0,0,0,0,0,0,0,0,1,0,0,0,0,0,0,0,0,0,0.2022,0,0,0.0004498,0.002251,0.002224,2
0.0675,0,0.03641,0,0.082,0,0,0,0,0,0,0.08744,0.07387,0,0,0,0,0,0.1116,0,0.1375,0,0,0,0.1073,0.1066,0.0052,0.02995,0.009104,0.02995,0.02995,0.02995,0,0.02995,0.02995,0.02995,0.05951,0,0,0.02995,0,0.02871,0.03641,0,0.0205,0,0,0.2523,0.01032,0.02388,0.01224,0.0036,0,0,0.002669,0.02476,0.06784,2
0,0,0,0,0,0,0,0,0,0,0,0.779,0,0,0,0,0,0,0,0,0,0,0,0,0,0,0,0,0,0,0,0,0,0,0,0,0,0,0,0,0,0,0,0,0,0,0,0,0,0,0,0,0,0,0.00218,0.003001,0.004819,2
0,0,0,0,0,0,0,0,0,0,0,0,0,0,0,0,0,0,0,0,0,0,0,0,0,0,0,0,0,0,0,0,0.3174,0,0,0,0,0,0,0,0,0,0,0,0.116,0,0,0,0,0,0,0,0,0,0.001499,0.002251,0.00278,2
0,1,0,0,0,0,0,0,0,0,0,0,0,0,0,0,0,0,0,0,0,0,0,0,0,0,0,0,0,0,0,0,0,0,0,0,0,0,0,0,0,0,0,0,0,0,0,0,0,0,0,0,0,0,0.001199,0.003001,0.001483,2
0,0,0,0,0,0,0,0,0,0.2054,0,0,0,0,0,0,0.1641,0,0.1512,0,0,0,0,0,0,0,0,0,0,0,0,0,0,0,0,0,0.1219,0,0.07561,0,0,0,0.2353,0,0.042,0.1176,0,0,0,0,0.08384,0.07435,0,0.08431,0.003076,0.009002,0.02132,2
0,0,0,0,0,0,0,0,0,0,0,0,0,0,0,0,0,0,0,0,0,0,0,0,0,0,0,0,0,0,0,0,0,0,0,0,0,0,0,0,0,0,0,0,0,0,0,0,0,0,0,0,0,0,0.001874,0.003751,0.001483,2
0,0,0,0,0,0,0,0,0,0.2029,0,0,0,0,0,0,0,0,0,0,0,0,0,0,0,0,0.0332,0,0,0,0,0,0.1135,0,0,0,0,0,0,0,0,0,0,0,0.0415,0,0,0,0,0.03067,0.1603,0,0,0,0.00469,0.02026,0.02966,2
0,0,0.4426,0,0,0,0,0,0,0,0,0,0,0,0,0,0,0,0,0,0,0,0,0,0,0,0,0,0,0,0,0,0,0,0,0.3641,0,0,0.1422,0,0,0,0,0,0,0,0,0,0,0,0,0,0,0,0.0006957,0.004501,0.007414,2
0,0,0,0,0,0,0,0,0,0,0,0.2051,0,0,0,0,0,0,0,0,0,0,0,0,0,0,0,0,0,0,0,0,0,0,0,0,0.09289,0,0,0,0,0,0,0,0,0,0,0,0,0,0,0,0,0,0.001912,0.005251,0.01668,2
0,0,0.2017,0,0,0,0,0,0,0,0,0,0,0,0,0,0,0,0,0,0,0,0,0,0.04681,0,0,0,0,0,0,0,0,0,0,0,0.1045,0,0.0324,0,0.05042,0,0,0,0,0.05042,0,0,0,0,0,0,0,0,0.0009685,0.008252,0.01965,2
0,0,0,0,0,0,0,0,0,0,0,0.2226,0,0,0,0,0.1367,0,0.126,0,0.175,0,0,0,0,0,0.028,0,0,0,0.1613,0,0,0,0,0,0,0,0,0.4862,0,0,0,0,0,0,0,0,0,0.06228,0.04039,0,0,0,0.02549,0.1493,0.06988,2
0,0,0,0,0,0,0,0,0,0.1711,0,0,0,0,0,0,0,0,0,0,0,0,0,0,0,0,0.028,0,0,0,0,0,0,0,0,0,0,0,0,0,0,0,0,0,0,0,0,0,0,0.05315,0.1389,0,0,0,0.004562,0.02026,0.03429,2
0,0,0,0,0,0,0,0,0,0,0,0,0,0,0,0,0,0,0,0,0,0,0,0,0.565,0.5644,0.1736,1,0.3039,1,1,1,0,1,1,1,0,0,0,1,0,0,0,0,0,0,0,0,0,0.2721,0,0,0,0,0.003498,0.007502,0.005375,2
0.03,0.008403,0.03361,0,0.012,0.07453,0,0.1186,0.05106,0,0.06,0.1176,0,0,0,0,0.04688,0.02372,0,0.0384,0,0,0,0,0.03186,0,0,0.02765,0.008403,0,0,0,0,0,0,0.2258,0.03483,0,0.0108,0,0,0.03431,0,0,0,0.1036,0,0,0.00428,0.02084,0,0,0.005144,0,0.0006042,0.01275,0.08434,2
0,0,0,0,0,0,0,0,0,0,0,0,0,0,0,0,0,0,0,0,0,0,0,0,0,0,0,0,0,0,0,0,0,0,0,0,0,0,0,0,0,0,0,0.1393,0.116,0,0,0,0,0.09576,0,0,0,0,0,0,0.001668,2
0,0,0,0,0,0,0,0,0,0,0,0,0,0,0,0,0,0,0,0,0,0,0,0,0,0,0.2,0,0,0,0,0,0,0,0,0,0,0,0,0,0,0,0,0,0.25,0,0,0,0,0,0,0.1665,0,0,0.0004498,0.002251,0.002224,2
0.0075,0,0.008403,0.003042,0.006,0.01863,0,0,0.1362,0,0,0.01431,0,0,0,0,0,0.005929,0.0117,0,0.01125,0,0,0,0.09103,0.1873,0.0012,0,0,0,0,0,0.01231,0,0,0.006912,0.1843,0.01923,0,0,0,0,0,0.003601,0,0,0,0,0.0569,0.05502,0.1108,0,0.002723,0,0.00263,0.02476,0.4981,2
0,0,0,0,0.476,0,0,0,0,0,0,0,0,0,0,0,0,0,0,0,0,0,0,0,0,0,0,0,0.3333,0,0,0,0,0,0,0,0,0,0,0,0,0.3333,0,0,0,0,0,0,0,0,0,0,0,0,0,0,0.0009268,2
0,0,0,0,0,0,0,0,0,0,0,0,0,0,0,0,0,0,0,0,0,0,0,0,0,0,0.4444,0,0,0,0,0,0,0,0,0,0,0,0,0,0,0.778,0,0,0,0,0,0,0,0,0,0,0,0,0,0,0.0009268,2
0,0.08754,0,0,0,0,0,0,0.2638,0.3056,0,0,0,0,0,0,0,0,0.1683,0,0.1562,0,0,0,0.1216,0.2432,0.05,0.4309,0.04342,0.4309,0.1429,0.1429,0,0.1429,0.4309,0.1429,0.2714,0,0.05581,0.1429,0,0,0.1737,0,0.0935,0,0,0,0,0.1112,0.3488,0,0,0,0.001856,0.008252,0.02595,2
0,0,0.1457,0,0.013,0,0,0,0,0,0,0.3529,0.1171,0.02342,0,0,0.02539,0,0.0117,0,0.01625,0,0.05532,0,0.1359,0,0,0,0,0,0,0,0.1067,0,0,0.05991,0.03774,0,0,0,0,0,0,0,0,0,0,0,0.004532,0.01709,0,0,0,0,0.002333,0.0165,0.05857,2
0,0,0,0,0,0,0,0,0,0,0,0,0,0,0,0,0,0,0,0,0,0,0,0,0,0,0.2,0,0,0,0,0,0,0,0,0,0,0,0,0,0,0,0,0,0,0,0,0,0,0,0,0,0,0,0.0003748,0.0007502,0.001668,2
0,0,0,0,0,0,0,0,0,0,0,0,0,0,0,0,0,0,0,0,0,0,0,0,0,0,0.0848,0,0,0,0,0,0,0,0,0,0,0,0,0,0,0,0,0,0,0,0,0,0,0.1721,0,0,0,0,0.002999,0.004501,0.008712,2
0,0,0.1597,0,0,0,0,0,0,0,0,0,0,0,0,0,0,0,0.0252,0,0,0,0,0,0.01821,0.03641,0,0,0,0,0,0,0,0,0,0,0,0,0,0,0.03922,0,0,0.01681,0.014,0.03922,0,0.2617,0,0.01007,0,0,0,0,0.000961,0.005251,0.0202,2
0,0,0.05882,0,0,0.1304,0,0,0,0.05134,0.105,0.2035,0,0,0,0,0.04102,0,0.1152,0,0.08,0,0,0,0,0,0,0,0,0,0,0,0,0,0,0,0.09289,0,0,0,0,0,0,0,0,0,0,0.5981,0,0,0,0,0.02935,0,0.002175,0.04051,0.04708,2
0,0,0,0,0,0,0,0,0,0,0,0.318,0,0,0,0,0,0,0.09001,0,0.125,0,0,0,0,0,0,0,0,0,0,0,0,0,0,0,0,0,0,0,0,0,0,0,0,0,0,0,0,0.08078,0,0,0,0,0.0009985,0.003751,0.01001,2
0,0,0,0,0.013,0.1615,0,0,0,0.03178,0,0.186,0.02342,0.02342,0,0,0.1016,0,0,0,0,0,0,0,0.2367,0.08453,0,0,0.009104,0.1198,0,0,0,0,0,0.08986,0.01887,0,0,0,0,0,0,0,0,0,0,0,0.03399,0.02365,0,0,0,0,0.001372,0.0135,0.07155,2
0,0,0,0,0,0.3913,0,0,0,0,0,0,0,0,0,0,0,0,0.05671,0,0,0,0,0,0.2055,0,0,0,0,0,0,0,0,0,0.1452,0,0,0,0,0,0,0,0,0.03782,0,0,0,0,0,0,0,0,0,0,0.0008396,0.006002,0.01168,2
0,0,0,0,0,0,0,0,0,0,0,0,0,0,0,0,0,0,0,0,0,0,0,0,0.2705,0.541,0,0,0,0,0,0,0,0,0,0,0,0,0,0,0,0,0,0,0,0,0,0,0,0,0,0,0,0,0.00107,0.003751,0.004263,2
0,0,0.3333,0,0,0,0,0.1891,0,0,0,0,0,0,0.5152,0,0,0,0.2673,0,0.1487,0,0,0,0.1157,0.1547,0.0952,0.1359,0.04132,0.1359,0.1359,0.1359,0,0.1359,0.1359,0.1359,0,0,0.05311,0.1359,0,0,0.1653,0,0.0595,0,0,0,0,0.04613,0.05998,0,0,0,0.001804,0.008252,0.02187,2
0,0,0.1008,0,0,0.0559,0,0.02885,0,0,0.045,0.05723,0.01622,0,0,0,0.05273,0,0,0,0,0,0.0383,0,0.2081,0,0,0,0,0,0,0,0.03694,0,0,0,0,0,0,0,0,0,0.02521,0,0,0,0,0,0.02518,0.04121,0,0,0.03782,0,0.002033,0.015,0.1186,2
0,0,0.6078,0,0,0,0,0,0,0,0,0,0,0,0,0,0,0.4289,0.7822,0,0.815,0,0,0,0,0,0,0,0,0,0,0,0,0,0,0,0,0,0,0,0,0,0,0,0,0,1,0,0,0,0,0,0,0,0.0004993,0.0015,0.001297,2
0,0,0,0,0,0,0,0,0,0,0,0,0,0,0,0,0,0,0,0,0,0,0,0,0,0,0,0.8525,0.5182,0,0,0,0,0,0,0,0,0,0,0,0,0.5182,0,0,0,0,0,0,0,0,0,0,0,0.9249,0.00431,0.01125,0.005561,2
0,0,0.7367,0,0,0,0,0,0,0,0,0.4181,0,0,0,0,0,0,0.2367,0,0,0,0,0,0.171,0.342,0.1052,0,0,0,0,0,0,0,0,0,0,0,0,0,0,0,0,0,0,0,0,0,0,0,0,0,0,0,0,0,0.001297,2
0.255,0,0,0,0,0,0,0,0,0.2494,0,0,0,0,0,0,0,0,0,0,0,0,0,0,0.06632,0.1326,0,0.47,0,0,0,0,0,0,0,0.235,0,0,0,0,0,0,0,0,0,0,0,0,0,0.1243,0,0,0,0,0.002949,0.007502,0.01687,2
0,1,0,0,0,0,0,0,0,0,0,0,0,0,0,0,0,0,0,0,0,0,0,0,0,0,0,0,0,0,0,0,0,0,0,0,0,0,0,0,0,0,0,0,0,0,0,0,0,0,0,0,0,0,0.001199,0.003001,0.001483,2
0,0.01751,0.2101,0,0.1,0.1553,0,0,0,0,0.125,0.03975,0.2252,0,0,0.03401,0,0.247,0.2259,0,0.2188,0,0.1064,0,0,0,0.01,0,0,0,0,0,0,0,0,0,0,0,0,0,0,0,0,0,0,0,0,0,0,0,0,0.007561,0,0,0.0003058,0.004501,0.02169,2
0,0,0,0,0.024,0,0,0,0,0,0,0.03816,0,0,0,0,0,0,0,0,0,0,0,0,0,0,0,0,0,0,0,0,0.3694,0,0,0.0553,0,0,0,0,0,0,0,0,0,0.03361,0,0.2243,0,0.04566,0,0,0,0,0.001787,0.02551,0.04411,2
0,1,0,0,0,0,0,0,0,0,0,0,0,0,0,0,0,0,0,0,0,0,0,0,0,0,0,0,0,0,0,0,0,0,0,0,0,0,0,0,0,0,0,0,0,0,0,0,0,0,0,0,0,0,0.001199,0.003001,0.001483,2
0,0,0,0,0,0,0,0,0,0,0,0,0,0,0,0,0,0,0,0,0,0,0,0,0,0,1,0,0,0,0,0,0,0,0,0,0,0,0,0,0,0,0,0,0,0,0,0,0,0,0,0,0,0,0.001999,0.003001,0.001112,2
0,1,0,0,0,0,0,0,0,0,0,0,0,0,0,0,0,0,0,0,0,0,0,0,0,0,0,0,0,0,0,0,0,0,0,0,0,0,0,0,0,0,0,0,0,0,0,0,0,0,0,0,0,0,0.001199,0.003001,0.001483,2
0,0,0,0,0.909,0,0,0,0,0,0,0,0,0,0,0,0,0,0,0,0,0,0,0,0,0,0,0,0,0,0,0,0,0,0,0,0,0,0,0,0,0,0,0,0,0,0,0,0,0,0,0,0,0,0,0,0,2
0,0,0,0,0,0,0,0,0,0,0,0,0,0,0,0,0,0,0,0,0,0,0,0,0,0,0,0,0,0,0,0,0,0,0,0,0,0,0,0,0,0,0,0,0,0,0,0,0.08887,0.08265,0,0,0,0,0,0,0.003707,2
0.0025,0.0007003,0.01961,0,0.005,0,0,0.003205,0.01277,0.03178,0.025,0,0,0.009009,0,0,0.001953,0.01383,0.0009001,0,0.00125,0,0,0,0,0,0,0,0,0,0,0,0.009576,0,0,0.02995,0,0,0,0.002304,0.06443,0,0,0.001801,0,0.112,0.004608,0.06542,0.01259,0.07048,0.08017,0.00036,0.02723,0.001231,0.002364,0.06077,0.9998,2
0.0475,0,0.1092,0,0.124,0.08075,0,0.01923,0.1362,0,0,0.07154,0.04685,0,0,0,0.02539,0,0.1116,0,0.04875,0,0.02553,0,0.06762,0,0,0,0,0,0,0,0,0,0,0.01382,0,0,0,0,0,0,0,0,0.0195,0,0,0,0,0.007024,0,0,0.009077,0,0.0008561,0.03076,0.05487,2
0.01,0.005602,0.06723,0,0.004,0.09938,0,0.01282,0.06809,0.1271,0.04,0.1653,0,0,0,0.03265,0.007812,0,0.06121,0,0.11,0,0.01702,0,0.1144,0.07802,0,0.03687,0,0,0.03687,0,0,0,0.08295,0,0.03483,0.02564,0,0,0,0.002801,0,0,0.002,0,0,0,0.007301,0.03325,0,0.01278,0.02148,0.006769,0.001474,0.0165,0.2521,2
0,0,0,0,0,0,0,0,0,0.2372,0,0,0,0,0,0,0,0,0,0,0,0,0,0,0,0,0.0388,0,0,0,0,0,0,0,0,0,0,0,0,0,0,0,0,0,0,0,0,0,0,0.115,0.09976,0,0,0,0.004966,0.02401,0.02539,2
0,0,0,0,0,0,0,0,0,0,0,0,0,0,0,0,0,0,0,0,0,0,0,0,0,0,0,0,0,0,0,0,0,0,0,0,0,0,0,0,0,0.7003,0,0,0,0,0,0,0,0,0,0,0,0,0.0009985,0.0015,0.0007414,2
0,0,0,0,0,0,0,0,0,0,0,0,0,0,0,0,0,0,0.08821,0,0.245,0,0,0,0,0,0,0,0,0,0,0,0.1341,0,0,0,0,0,0,0,0,0,0,0.1176,0,0.1373,0,0,0,0,0,0,0,0,0.001499,0.009002,0.0076,2
0,0,0.2465,0,0,0,0,0,0.3745,0,0,0,0,0,0,0,0,0,0,0,0,0,0,0,0,0,0,0,0,0,0,0,0,0,0,0,0,0,0,0,0,0,0,0,0,0,0,0,0,0.07375,0,0,0,0,0.0002489,0.0015,0.003707,2
0,0,0,0,0,0,0,0,0,0,0,0,0.5297,0.5297,0,0,0,0,0,0,0,0,0,0,0,0,0,0,0,0,0,0,0,0,0,0,0,0,0,0,0,0,0,0,0,0,0,0,0,0,0,0,0,0,0.0008996,0.003001,0.00278,2
0,0,0,0,0,0,0,0,0,0,0,0,0,0,0,0,0,0,0,0,0,0,0,0,0.394,0.394,0.1212,0.6982,0.2122,0.6982,0.6982,0.6982,0,0.6982,0.6982,0.6982,0,0,0,0.6982,0,0,0,0,0,0,0,0,0,0.2107,0,0,0,0,0.002624,0.007502,0.005931,2
0,0,0,0,0,0,0,0,0,0.1956,0,0.1701,0,0,0,0.03537,0,0,0.09631,0,0.235,0,0,0,0.1398,0.2094,0.0428,0.05991,0.01821,0.05991,0.05991,0.05991,0,0.05991,0.05991,0.05991,0.07692,0,0,0.05991,0,0,0.1485,0.03181,0.0265,0,0,0,0.04381,0.1023,0,0.007741,0,0,0.002817,0.0135,0.04838,2
0,0,0,0,0,0,0,0,0,0,0,0,0,0,0,0,0,0,0,0,0,0,0,0,0,0,0,0,0,0,0,0,0,0,0,0,0,0,0,0,0,0,0,0,0.1665,0,0,0,0,0.147,0,0,0,0,0.0007496,0.003001,0.002595,2
0,0,0,0,0,0,0,0,0,0,0,0.2242,0,0,0,0,0.1367,0,0.1269,0,0.1762,0,0,0,0,0,0.028,0,0,0,0.1613,0,0,0,0,0,0,0,0,0.4885,0,0,0,0,0,0,0,0,0,0.06251,0.04039,0,0,0,0.02527,0.1485,0.06932,2
0,0,0,0,0,0,0,0,0,0,0,0,0,0.2144,0,0,0,0.2352,0,0,0,0,0,0,0,0,0,0,0,0,0,0,0.1628,0,0,0,0,0,0,0,0,0,0,0,0,0,0,0,0,0,0,0,0,0,0.001766,0.015,0.01112,2
0,0,0,0,0,0,0,0,0,0,0,0,0,0,0,0,0,0,0,0,0,0,0,0,0,0,0,0,0,0,0,0,0,0,0,0,0,0,0,0,0,0,0,0,0,0,0,0,0,0,0,0,0,0,0.0003448,0.002251,0.00278,2
0,0,0.6499,0,0,0,0,0,0,0,0,0,0,0,0,0,0,0,0,0,0,0,0,0,0,0,0,0,0,0,0,0,0,0,0,0,0,0,0,0,0,0,0,0,0,0,0,0,0,0.2,0,0,0,0,0.001234,0.005251,0.005561,2
0,0,0,0,0,0,0,0,0,0,0,0,0,0,0,0,0,0,0,0,0,0,0,0,0,0,0,0,0,0,0,0,0,0,0,0,0,0,0,0,0,0,0,0,0.2775,0,0,0,0,0,0,0,0,0,0.00107,0.003751,0.002039,2
0,0,0,0,0,0,0,0,0,0,0,0,0,0,0,0,0,0,0,0,0,0,0,0,0,0,0,0,0,0,0,0,0,0,0,0,0,0,1,0,0,0,0,0,0.5555,0,0,0,0,0.3493,0,0,0,0,0.0008561,0.002251,0.001854,2
0,0,0,0,0,0,0,0,0,0,0,0,0,0,0,0,0,0,0,0,0,0,0,0,0,0,1,0,0,0,0,0,0,0,0,0,0,0,0,0,0,0,0,0,0,0,0,0,0,0,0,0,0,0,0.0003748,0.0007502,0.0007414,2
0,0,0,0,0,0,0,0,0,0,0,0,0,0,0,0,0,0,0,0,0,0,0,0,0,0,0.222,0,0,0,0,0,0,0,0,0,0,0,0,0,0,0,0,0,0.2775,0,0,0,0,0,0,0,0,0,0,0,0.0007414,2
0,0,0,0,0,0,0,0,0,0,0,0,0,0,0,0,0,0,0.1692,0,0.05875,0,0,0,0.184,0.3056,0.0752,0.5415,0.09874,0.3249,0.1083,0.1083,0,0.1083,0.3249,0.1083,0.06821,0,0,0.1083,0,0,0.1317,0,0.0705,0,0,0,0,0.03372,0.04406,0.01296,0,0,0.001499,0.009002,0.03095,2
0,0,0,0,0,0,0,0,0,0,0,0,0,0,0,0,0,0,0,0,0,0,0,0,0,0,0,0,0,0,0,0,0,0,0,0,0,0,0,0,0,0,0,0,0,0,0,0,0,0.08288,0,0,0,0,0.00178,0.003001,0.006302,2
0,0,0,0,0.185,0,0,0,0,0,0,0,0,0,0,0,0,0,0.1665,0,0,0,0,0,0.1203,0.4811,0,0.8525,0,0,0,0,0,0,0.8525,0,0,0,0,0,0,0,0,0,0,0,0,0,0,0.1274,1,0,0,0,0.002027,0.007502,0.007229,2
0,0,0,0,0,0,0,0,0,0,0,0,0,0,0,0,0,0,0,0,0,0,0,0.1905,0.08257,0.05462,0,0,0,0,0,0,0,0,0,0,0,0,0,0,0,0,0,0,0.042,0,0,0,0.08182,0.1829,0,0,0,0,0.005634,0.009752,0.05097,2
0.025,0,0.02801,0,0,0,0,0,0.3915,0,0,0.06359,0,0,0,0,0.01953,0,0.036,0,0.025,0,0,0,0.03316,0.07932,0.004,0,0,0,0,0,0.04104,0,0,0,0.01451,0,0,0,0,0,0,0.006002,0,0,0,0,0.003525,0.03606,0.01714,0,0.008472,0,0.002676,0.02326,0.09379,2
0,0,0.3585,0,0,0,0,0,0,0,0,0.2035,0,0,0,0,0,0,0.2304,0,0,0,0,0,0.1664,0.1664,0,0,0,0,0,0,0.3502,0,0,0,0.1858,0,0,0,0,0.2689,0,0,0,0,0,0,0,0.03465,0.09058,0,0,0,0.00155,0.009002,0.01075,2
0,0,0,0,0,0,0,0,0,0,0,0,0.2901,0,0,0,0,0,0,0,0,0,0,0,0,0,0,0,0,0,0,0,0,0,0,0,0,0,0,0,0,0,0,0,0,0,0,0,0,0,0,0,0,0,0.0005757,0.002251,0.003151,2
0,0,0,0,0,0,0,0,0,0,0,0,0,0,0,0,0,0,0,0,0,0,0,0,0,0,0,0,0,0,0,0,0,0,0,0,0,0,0,0,0,0,0,0,0,0,0,0,0,0,0,0,0,0,0,0,0.0003707,2
0,0,0,0,0,0,0,0,0,0,0,0,0,0,0,0,0,0,0,0,0,0,0,0,0,0,0.8,0,0,0,0,0,0,0,0,0,0,0,0,0,0,0,0,0,0,0,0,0,0,0,0,0,0,0,0,0,0.0007414,2
0,0,0,0,0,0,0,0,0,0,0,0,0,0,0,0,0,0,0,0,0,0,0,0,0,0,0.8,0,0,0,0,0,0,0,0,0,0,0,0,0,0,0,0,0,0,0,0,0,0,0,0,0,0,0,0,0,0.0007414,2
0,0,0,0,0,0,0,0,0,0,0,0,0,0,0,0,0,0,0,0,0,0,0,0,0,0,0,0,0,0,0,0,0,0,0,0,0,0,0,0,0,0,0,0,0,0,0,0,0,0,0,0,0,0,0,0,0.0005561,2
0,0,0,0,0,0,0,0,0,0,0,0,0,0,0,0,0,0,0,0,0,0,0,0,0,0,0.8,0,0,0,0,0,0,0,0,0,0,0,0,0,0,0,0,0,0,0,0,0,0,0,0,0,0,0,0,0,0.0007414,2
0,0,0,0,0,0,0,0,0,0,0,0,0,0,0,0,0,0,0,0,0,0,0,0,0,0,0,0,0,0,0,0,0,0,0,0,0,0,0,0,0,0,0,1,0,0,0,0,0,0,0,0,0,0,0.0007496,0.0015,0.0009268,2
0,0,0,0,0,0,0,0,0,0,0,0,0,0,0,0,0,0,0,0,0,0,0,0,0,0,0.8,0,0,0,0,0,0,0,0,0,0,0,0,0,0,0,0,0,0,0,0,0,0,0,0,0,0,0,0,0,0.0007414,2
0,0,0,0,0,0,0,0,0,0,0,0,0,0,0,0,0,0,0,0,0,0,0,0,0,0,0.8,0,0,0,0,0,0,0,0,0,0,0,0,0,0,0,0,0,0,0,0,0,0,0,0,0,0,0,0,0,0.0007414,2
0,0,0,0,0,0,0,0,0,0,0,0,0,0,0,0,0,0,0,0,0,0,0,0,0,0,0,0,0,0,0,0,0,0,0,0,0,0,0,0,0,0,0,0,0,0,0,0,0,0,0,0,0,0,0,0,0.0003707,2
0,0,0,0,0,0,0,0,0,0,0,0,0,0,0,0,0,0,0,0,0,0,0,0,0,0,0,0,0,0,0,0,0,0,0,0,0,0,0,0,0,0,0,0,0,0,0,0,0,0,0,0,0,0,0,0,0.0003707,2
0,0,0,0,0,0,0,0,0,0,0,0,0,0,0,0,0,0,0,0,0,0,0,0,0.8375,0,0,0,0,0.06452,0,0,0.0383,0,0,0,0.02032,0,0.0252,0,0,0,0,0,0,0,0,0,0,0,0,0.006661,0,0,0.01714,0.02176,0.38,2
0,0,0.1709,0,0,0,0,0,0,0,0,0.2925,0,0,0,0,0,0,0,0,0,0,0,0,0,0.07932,0,0,0,0,0,0,0,0,0,0,0,0,0,0,0,0,0,0,0,0,0.2811,0,0.01989,0.03699,0,0,0,0,0.002261,0.012,0.02632,2
0,0,0,0,0.053,0,0,0,0,0,0,0.08426,0.0955,0,0,0,0,0,0.0477,0,0.1325,0,0,0,0,0,0.0424,0,0,0,0,0,0,0,0,0,0,0,0,0,0,0,0,0,0.0265,0,0,0,0,0.04402,0,0,0,0,0.0002129,0.0015,0.007229,2
0,0,0,0,0,0,0,0,0,0,0,0,0,0,0,0,0,0,1,0,0,0,0,0,0,0,0,0,0,0,0,0,0,0,0,0,0,0,0,0,0,0,0,0,0,0,0,0,0,0,0,0,0,0,0.0003748,0.0007502,0.0007414,2
0,0,0,0,0,0,0,0,0,0,0,0.256,0,0,0,0,0,0,0.0477,0,0,0,0,0,0.1047,0.06892,0,0,0.03711,0,0,0,0,0,0,0.1221,0,0,0,0,0,0.03711,0,0.06423,0,0,0,0.4953,0,0,0,0,0,0,0.0005622,0.003001,0.01816,2
0,0,0.1148,0,0.041,0,0,0,0,0,0,0,0,0,0,0,0,0,0,0,0,0,0,0,0,0,0,0,0,0,0,0,0.05609,0,0,0,0.05951,0,0,0,0,0,0,0.02461,0,0.05742,0,0,0,0,0,0,0,0,0.0007826,0.007502,0.01223,2
0,0,0,0,0.043,0,0,0,0,0,0,0.06836,0,0,0,0,0,0,0.1971,0,0,0,0,0,0,0,0.0172,0,0,0,0,0,0.119,0,0,0,0,0,0,0,0,0,0,0,0,0,0,0,0.01989,0.03699,0,0,0,0,0.0001724,0.0007502,0.00519,2
0.0825,0,0,0,0,0,0,0,0.1404,0,0,0,0,0,0,0,0,0,0.0297,0,0,0,0,0,0,0,0,0,0,0,0,0,0.4514,0,0,0,0,0,0,0,0,0,0,0,0,0,0,0,0,0.1049,0,0.01008,0,0,0.001181,0.003751,0.01705,2
0,0.05602,0,0,0,0,0,0,0,0.3912,0,0,0,0,0,0.3265,0,0,0.5041,0,0.2,0,0,0,0,0,0,0,0,0,0,0,0,0,0,0,0,0,0,0,0,0,0,0,0,0,0,0,0,0,0,0.0423,0,0,0.0005697,0.002251,0.00519,2
0,0,0,0,0.185,0,0,0,0,0,0,0.2941,0.3333,0,0,0,0,0,0.1665,0,0,0,0,0,0,0,0,0,0,0,0,0,0,0,0,0,0,0,0.1665,0,0,0,0,0,0,0,0,0,0,0,0,0,0,0,0.00107,0.002251,0.002039,2
0,0,0.07843,0,0.028,0,0,0,0,0,0,0.1351,0,0,0,0,0,0,0.0252,0,0,0,0,0,0.1105,0,0,0.129,0,0,0,0,0,0,0.129,0.5876,0.04064,0,0.0252,0,0,0,0,0.01681,0,0,0,0,0.05614,0.01733,0,0,0,0,0.001436,0.04051,0.03503,2
0,0,0,0,0,0,0,0,0,0,0,0,0,1,0,0,0,0,0,0,0,0,0,0,0,0,0,0,0,0,0,0,0,0,0,0,0,0,0,0,0,0,0,0,0,0,0,0,0,0,0,0,0,0,0.00433,0.009002,0.006302,2
0,0,0.02801,0,0.02,0.06211,0,0,0,0,0,0.3243,0.03604,0.01802,0,0,0.1582,0,0,0,0,0,0.08511,0,0.1788,0,0,0,0,0,0,0,0,0,0,0.06912,0.04354,0,0,0,0,0,0,0,0,0,0,0,0.007553,0.02131,0,0,0,0,0.001741,0.0195,0.1064,2
0,0,0,0,0,0,0,0,0,0,0,0.1765,0,0,0,0,0,0,0,0,0,0,0,0,0.2887,0.2159,0,0.2558,0,0,0,0,0,0,0.2558,0,0.07983,0,0,0,0,0,0,0.03301,0,0,0,0,0,0,0,0,0,0,0.001526,0.008252,0.01965,2
0,0,0.2185,0,0,0,0,0,0,0,0,0,0.1405,0,0,0,0,0,0,0,0.0975,0,0,0,0,0,0.0312,0,0,0,0,0,0,0,0,0,0,0,0,0,0,0,0,0,0.039,0,0,0,0,0.09389,0,0.02394,0,0,0.0008471,0.002251,0.006487,2
0,0,0,0,0,0,0,0,0,0,0,0,0,0,0,0,0,0,0.1404,0,0,0,0,0,0,0,0,0,0,0,0,0,0,0,0,0,0,0,0,0,0,0,0,0,0,0,0,0,0,0,0,0,0,0,0.007265,0.012,0.0139,2
0,0,0,0,0,0,0,0,0,0.1418,0,0,0,0,0,0,0,0,0.05221,0,0,0,0,0,0,0,0,0,0,0,0,0,0,0,0,0,0,0,0,0,0,0,0,0,0,0.08123,0,0,0,0.01943,0,0,0,0,0.00764,0.015,0.03485,2
0,0,0,0,0,0.2484,0,0,0.1702,0.0978,0,0,0,0,0.1732,0,0,0,0.1098,0.1952,0.05,0,0,0,0,0.05202,0.016,0,0,0.09217,0,0,0,0,0,0,0,0,0,0,0,0,0,0.04862,0,0.05602,0,0,0,0.01522,0,0,0,0,0.001259,0.005251,0.01483,2
0,0,0,0,0,0,0,0,0,0,0,0,0,0,0,0,0,0,0.1872,0,0,0,0,0,0,0,0,0,0,0,0,0,0,0,0,0,0,0,0,0,0,0,0,0,0,0,0,0,0,0,0,0,0,0,0.0006417,0.002251,0.001668,2
0.0175,0.002101,0.05042,0,0.01,0.01863,0,0,0.1702,0,0,0.0159,0,0,0,0,0,0.005929,0.0126,0,0.0125,0,0,0,0.03056,0.06502,0.0012,0,0,0,0,0,0.104,0,0,0,0.04644,0,0,0,0.009804,0,0,0,0,0,0,0,0.04733,0.03465,0.02142,0,0.003026,0,0.003348,0.04876,0.2569,2
0,0,0,0,0,0,0,0,0,0.11,0,0,0,0,0,0,0,0,0,0,0,0,0,0,0,0,0.018,0,0,0,0,0,0,0,0,0,0,0,0,0,0,0,0,0,0,0,0,0,0,0.05081,0.1775,0,0,0,0.005189,0.02026,0.05357,2
0,0,0,0,0,0,0,0.5705,0,0,0,0,0,0.3207,0,0,0,0,0,0,0,0,0,0,0,0,0,0,0,0,0,0,0,0,0,0,0,0,0,0,0,0,1,0,0,0,0,0,0,0,0,0,0,0,0.0006657,0.003001,0.002224,2
0,0,0,0,0,0,0,0,0,0,0,0,0,0,0,0,0,0,0.08551,0,0,0,0,0,0.06177,0,0,0,0,0,0,0,0.13,0,0,0,0,0,0,0,0,0,0,0.114,0,0,0,0,0.06621,0.09225,0,0,0,0,0.001712,0.003001,0.008156,2
0,0,0,0,0,0,0,0,0,0.1956,0,0,0,0,0,0.219,0,0,0.07201,0,0.1,0,0,0,0.05202,0,0,0,0,0,0.1843,0,0.1094,0,0,0,0,0,0,0,0,0,0,0,0,0,0,0,0,0.02084,0,0,0,0,0.002106,0.02026,0.01631,2
0,0,0,0,0,0,0,0,0,0,0,0,0,0,0,0,0,0,0,0,0,0,0,0,0,0,0,0,0,0,0,0,1,0,0,0,0,0,0.8776,0,0,0,0,0,0,0,0,0,0,0,0,0,0,0,0.002811,0.008252,0.008341,2
0,0,0,0,0.092,0,0,0,0,0,0,0.1463,0,0,0,0,0,0,0.08281,0,0.115,0,0,0,0,0,0,0,0,0,0,0,0,0,0,0,0,0,0,0,0,0,0,0,0,0,0,0,0,0,0,0,0,0,0.0007496,0.004501,0.005931,2
0,0,0,0,0.032,0,0,0,0,0,0,0.05087,0,0,0,0,0,0.06324,0.05761,0,0.04,0,0,0,0.08322,0.1664,0.0256,0.07373,0.02241,0.07373,0.07373,0.07373,0.08755,0.07373,0.07373,0.07373,0.1393,0,0.0288,0.07373,0,0,0.1793,0.01921,0.016,0.08964,0,0,0,0.02201,0.02876,0.01692,0,0,0.001378,0.009002,0.03077,2
0,0,0,0,0,0,0,0,0,0.3374,0,0,0,0,0,0,0,0,0.3744,0,0,0,0,0,0,0,0,0,0,0,0,0,0,0,0,0,0,0,0,0,0,0,0,0,0,0.1933,0,0,0,0,0,0,0,0,0.0007496,0.002251,0.004263,2
0,0,0,0,0,0,0,0,0,0,0,0,0,0,0,0,0,0,0.2016,0,0,0,0,0,0,0,0,0,0,0,0,0,0,0,0,0,0.1292,0,0.0396,0,0,0,0,0,0.067,0.3768,0,0,0,0,0,0,0,0,0.002042,0.0105,0.02521,2
0,0,0,0,0,0,0,0,0,0,0,0.6614,0,0,0,0,0,0,0,0,0,0,0,0,0,0,0,0,0,0,0,0,0,0,0,0,0,0,0,0,0,0,0,0,0.208,0.5826,0,0,0,0,0,0,0,0,0,0,0.001483,2
0.02,0,0.04762,0,0,0.04969,0,0,0.03404,0,0,0,0.01441,0,0,0,0,0.01581,0.3771,0,0.1737,0,0,0,0,0,0,0,0,0,0,0,0,0,0,0,0,0,0,0,0,0,0,0,0.013,0,0,0,0.007805,0.01826,0,0.01404,0,0,0.0001709,0.006002,0.05023,2
0,0,0,0,0,0,0,0,0,0,0,0,0,0,0,0,0,0,0.2304,0,0,0,0,0,0,0,0,0,0,0,0,0,0,0,0,0,0,0,0,0,0,0,0,0,0,0.7171,0,0,0,0,0,0.04464,0,0,0.0001499,0.0007502,0.001854,2
0,0,0,0,0,0,0,0,0,0,0,0,0,0,0,0.1701,0,0.247,0.225,0,0.1562,0,0,0,0,0,0,0,0,0,0,0,0,0,0,0,0,0,0,0,0,0,0,0,0,0,0,0,0,0,0,0,0,0,0.004762,0.04051,0.01297,2
0.225,0,0.2521,0,0,0,0,0,0,0,0,0,0,0,0,0,0,0.1779,0.324,0,0,0,0,0,0,0,0,0,0,0,0,0,0,0,0,0,0,0.5769,0,0,0,0,0,0.108,0.045,0,0,0,0,0,0,0,0,0,0.00109,0.003001,0.003336,2
0,0,0,0,0,0,0,0,0,0,0,0,0,0,0,0,0,0,0,0,0,0,0,0,0,0,0,0,0,0,0,0,0,0,0.01843,0,0,0,0,0,0,0,0,0,0.004,0,0,0,0,0.5299,0,0,0,0,0.003222,0.006002,0.2426,2
0,0,0,0,0,0,0,0,0,0,0,0,0,0,0,0,0,0,0.0477,0,0,0,0,0,0,0,0,0,0,0,0,0,0,0,0,0,0.1538,0,0,0,0,0,0,0,0.053,0.3711,0,0,0,0.07539,0,0,0,0.07938,0.002399,0.01275,0.03355,2
0,0,0,0,0,0,0,0,0,0,0,0,0.1964,0,0,0,0,0,0.1971,0,0,0,0,0,0,0,0,0,0,0,0,0,0,0,0,0,0,0,0,0,0,0,0,0,0,0.1527,0,0,0,0,0,0,0,0,0.003454,0.03451,0.0139,2
0,0,0.1849,0,0,0.4099,0,0,0,0,0,0.1049,0,0,0,0,0,0,0.1494,0,0.0825,0,0,0,0,0,0,0,0,0,0,0,0,0,0,0,0,0,0,0,0,0,0,0.01981,0.0165,0,0,0,0,0,0,0,0,0,0.0002129,0.002251,0.01019,2
0,0,0,0,0,0,0,0,0,0,0,0,0,0,0,0,0,0,0.07741,0,0.1075,0,0,0,0,0,0,0,0,0,0,0,0,0,0,0,0,0,0,0,0,0,0,0,0,0.1204,0,0,0,0,0,0,0,0,0.003153,0.03751,0.0165,2
0,0,0,0,0,0,0,0,0,0.3325,0,0,0,0,0,0,0,0,0,0,0.17,0,0,0,0,0,0,0,0,0,0,0,0,0,0,0,0,0,0,0,0,0,0,0,0,0.1905,0,0,0,0,0,0,0,0,0.004573,0.03751,0.01483,2
0,0,0.1485,0,0,0.3292,0,0,0,0.1296,0,0,0.0955,0,0,0,0,0,0.1935,0,0.06625,0,0,0,0,0,0,0,0,0,0,0,0,0,0,0,0,0,0,0,0,0,0,0,0.0535,0,0,0,0,0.02365,0,0,0,0,0.001285,0.01125,0.009453,2
0,0,0,0,0,0,0,0,0,0,0,0,0,0,0,0.1442,0,0,0.09541,0,0,0,0,0,0,0,0,0,0,0,0,0,0,0,0,0,0,0,0,0,0,0,0,0,0.106,0.1485,0,0,0,0.03278,0,0,0,0,0.002436,0.03451,0.01538,2
0,0.03431,0,0,0,0,0,0,0,0,0,0.0779,0,0,0,0,0,0,0.2646,0,0.1837,0,0,0,0,0,0,0,0,0,0,0,0,0,0,0,0,0,0,0,0,0,0,0,0,0,0,0,0,0.05643,0,0,0,0.04923,0.001154,0.015,0.01557,2
0,0,0,0,0,0,0,0,0,0,0,0,0,0,0,0,0,0,0,0,0,0,0,0,0,0,0,0,0,0,0,0,0,0,0,0,0,0,0,0,0,0.5385,0,0,0,0,0,0,0,0,0,0,0,0,0.0005997,0.002251,0.00241,2
0,0,0,0,0,0,0,0,0,0,0,0,0,0,0,0,0,0,0.2367,0,0.3287,0,0,0,0,0,0,0,0,0,0,0,0,0,0,0,0,0,0,0,0,0,0,0,0,0,0,0,0,0.1225,0,0,0,0,0.0008996,0.002251,0.00278,2
0,0.02521,0,0,0.036,0,0,0,0,0.08802,0,0.05723,0,0,0,0,0,0,0.09721,0,0,0.5412,0,0,0,0,0,0,0,0,0,0,0,0,0,0,0,0,0,0,0,0,0,0,0,0,0,0,1,0,0,0.01134,0,0.3102,0.00813,0.03151,0.06172,2
0.3725,0,0,0,0,0,0,0,0,0,0,0.2369,0,0,0,0,0,0,0.4023,0,0.1862,0,0,0,0,0.1938,0,0,0,0,0,0,0,0,0,0,0,0,0,0,0,0,0,0.08944,0,0,0,0,0,0,0,0,0,0,0.001399,0.005251,0.00519,2
0,0,0,0,0.054,0,0,0,0,0,0.27,0.1733,0,0,0,0,0,0,0.3438,0,0,0,0,0,0.1417,0.2835,0,0.1244,0,0.2512,0,0,0,0,0.1244,0,0,0,0,0,0,0,0.1513,0,0.027,0,0,0,0,0.02037,0,0,0,0,0.003798,0.02476,0.02929,2
0,0.1099,0.3305,0,0,0,0,0,0,0.577,0,0.124,0,0,0,0,0,0,0.0351,0,0,0.4715,0,0,0,0,0,0,0,0,0,0,0,0,0,0,0,0,0,0,0,0,0,0,0,0,0,0,0.2898,0.04753,0,0.04878,0,0.04123,0.00703,0.02176,0.06098,2
0,0,0,0,0,0,0,0,0,0,0,0,0,0,0,0,0,0,0,0,0,0,0,0,0,0,0,0,0,0,0,0,0,0,0,0,0,0,0,0,0,0,0,0,0,0,0,0,0,0,0,0,0,0,0,0,0.0005561,2
0.3475,0,0.5854,0,0,0,0,0,0,0,0,1,0,0,0,0.09388,0,0,0.3771,0.1104,0.08625,0,0,0,0,0,0,0,0,0,0,0,0,0,0,0,0,0,0.06211,0,0,0,0,0,0,0,0,0,0,0,0,0.04572,0,0,0.001499,0.009002,0.01168,2
0,0.07563,0,0,0,0,0,0,0,0,0,0.1717,0,0,0,0,0,0,0,0,0,0,0,0,0,0,0,0,0,0,0,0,0,0,0,0,0,0,0,0,0,0,0,0,0,0,0,0,0,0.04238,0,0,0,0,0.0009175,0.007502,0.009082,2
0,0,0.06443,0,0,0.1429,0,0,0,0,0,0,0,0,0,0,0,0,0.0207,0,0,0,0,0,0,0,0,0,0,0,0,0,0,0,0,0,0,0,0,0,0.03221,0,0,0,0.0115,0.1961,0,0,0,0.01498,0,0.02898,0,0,9.745e-05,0.004501,0.02688,2
0,0.02241,0.2689,0,0,0,0,0,0,0.1565,0,0.2035,0,0,0,0,0,0,0.3168,0,0.2,0,0,0,0.06242,0.2081,0,0,0,0.1475,0,0,0,0,0,0,0.04644,0,0,0,0,0,0,0,0,0,0,0,0,0.01498,0,0.02304,0,0,0.000979,0.003001,0.01576,2
0,0,0,0,0,0,0,0,0,0,0,0.1955,0,0,0,0,0,0,0.1665,0,0.07625,0,0,0.1383,0,0,0,0,0,0,0,0,0,0,0,0,0.08853,0,0,0,0,0.08613,0,0,0.0615,0.2591,0,0,0,0.02295,0,0.01764,0,0,0.00094,0.0105,0.01279,2
0,0,0,0,0,0,0,0,0,0,0,0,0,0,0,0,0,0,0,0,0,0,0,0,0,0,0,0,0,0,0,0,0,0,0,0,0,0,0,0,0,0,0,0,1,0,0,0,0,0,0,0,0,0,0,0,0.0007414,2
0,0,0.1148,0,0,0,0,0,0,0.1002,0,0.1987,0,0,0,0,0,0,0.2619,0,0.05125,0,0,0,0,0,0,0,0,0,0,0,0,0,0,0,0,0,0,0,0,0,0,0,0,0,0,0,0,0.04308,0,0,0,0,0.0008066,0.006752,0.007229,2
0,0,0,0,0,0.2733,0,0,0,0,0,0,0,0,0,0.05986,0,0.08696,0.0396,0,0.055,0,0,0,0,0,0,0,0,0,0,0,0,0,0,0,0.06386,0,0,0,0,0,0,0,0.022,0.06162,0,0,0,0.04097,0.0355,0,0,0.03569,0.01121,0.09077,0.0721,2
0,0,0,0,0.043,0,0,0,0,0,0,0,0,0,0,0,0,0.08498,0.1971,0,0.1087,0,0,0,0,0,0,0,0,0,0,0,0,0,0,0,0,0,0,0,0,0,0,0.05222,0.0435,0.06022,0,0,0,0.0185,0,0,0,0,0.0004378,0.003001,0.009639,2
0,0,0,0,0,0,0,0,0,0,0,0,0,0,0,0,0,0,0.2493,0,0,0,0,0,0,0,0,0,0,0,0,0,0,0,0,0,0,0,0,0,0,0,0,0.1663,0.1385,0,0,0,0,0,0,0,0,0,0,0,0.001297,2
0,0,0,0,0,0,0,0,0,0,0,0,0,0,0,0,0,0,0.1728,0,0.24,0,0,0,0,0,0,0,0,0,0,0,0,0,0,0,0.2787,0,0,0,0,0,0,0,0,0.8067,0,0,0,0.07867,0,0,0,0,0.002027,0.0105,0.007229,2
0.19,0,0.2129,0,0,0.236,0,0,0,0,0,0.1828,0.06847,0,0,0,0,0,0.207,0,0,0,0,0,0,0,0,0,0,0,0,0,0,0,0,0,0,0,0.0342,0,0.3768,0,0,0,0.019,0.05322,0,0,0,0.04214,0,0.09721,0,0,0.001927,0.0105,0.02651,2
0,0,0,0,0,0,0,0,0,0,0,0,0,0,0,0,0,0,0.09091,0,0,0,0,0,0,0,0,0,0,0,0,0,0,0,0,0,0.1466,0,0,0,0,0,0,0,0,0.7073,0,0,0,0,0,0,0,0,0.003063,0.0105,0.01279,2
0,0,0.3501,0,0.25,0,0,0,0,0,0,0,0.1117,0,0,0,0,0,0.05581,0,0,0,0,0,0,0,0,0,0,0,0,0,0,0,0,0,0,0,0,0,0.08683,0,0,0.07503,0.031,0.08683,0,0,0,0.02599,0,0,0,0,0.0004273,0.002251,0.004819,2
0,0.03361,0.1345,0,0.146,0,0.06602,0,0,0.2372,0.24,0,0,0,0,0.06531,0,0,0.08731,0.0768,0.2437,0,0,0.1088,0,0,0,0,0,0,0,0,0,0,0,0,0.2119,0,0,0.1106,0,0,0,0,0,0,0,0,0,0.01709,0,0.106,0.08896,0,0.005772,0.03451,0.03577,1
0,0,0.1989,0,0.071,0,0,0,0,0,0,0,0,0,0,0.0966,0,0,0.1278,0,0.08875,0,0,0,0,0,0,0,0,0,0,0,0,0,0,0,0,0,0,0,0,0,0,0,0.0355,0,0,0,0,0.02833,0,0.1969,0,0,0.001531,0.01125,0.01742,1
0,0,0,0,0.129,0.2671,0.05915,0,0,0,0,0,0.07748,0,0,0.0585,0.08398,0.08498,0.1548,0,0.1075,0,0,0,0,0,0,0,0,0,0,0,0,0,0,0,0,0,0,0,0,0,0,0,0,0,0,0,0,0.0302,0,0.02322,0,0,0.007196,0.03376,0.02132,1
0,0.02101,0.2101,0,0.03,0,0.02063,0,0,0.11,0.075,0,0.02703,0,0.06494,0.02041,0,0.1482,0.0135,0.024,0.075,0,0,0,0,0,0,0.03456,0,0,0,0,0.02052,0,0,0,0,0,0,0,0,0,0,0,0,0,0,0,0,0.004683,0,0.06337,0.006051,0.02523,0.007403,0.111,0.1957,1
0,0,0,0,0,0.8012,0,0.2051,0,0,0,0,0,0,0,0,0,0,0.3483,0,0.08,0,0,0,0,0,0,0,0,0,0,0,0,0,0,0,0,0,0,0,0,0,0,0,0,0,0,0,0,0,0,0.2122,0.0354,0,0.001199,0.008252,0.01149,1
0,0.03922,0.07843,0,0,0,0.07703,0,0,0.1369,0.14,0.08903,0.05045,0,0,0.1918,0.05469,0,0.1773,0,0.14,0,0,0,0,0,0,0,0,0,0,0,0,0,0,0,0,0,0,0,0,0,0,0,0.014,0,0,0,0,0.02763,0,0.02844,0,0.09723,0.01237,0.2948,0.1027,1
0.1725,0,0,0,0.139,0,0.09491,0,0,0,0,0.1097,0,0,0,0,0,0,0.3141,0,0.1737,0,0,0,0,0,0,0,0,0,0,0,0,0,0,0,0,0,0,0,0,0,0,0,0,0,0,0,0,0,0,0.03528,0,0,0.007646,0.04201,0.03373,1
0,0.03852,0.1541,0,0.11,0.3416,0.3026,0,0,0.1345,0,0.08744,0,0,0,0,0,0.1087,0.2979,0,0.1375,0,0,0,0,0,0,0,0,0,0,0,0,0,0,0,0,0,0,0,0,0,0,0,0.0275,0,0,0,0,0.03863,0,0.08929,0,0.05046,0.02366,0.1103,0.07136,1
0,0,0,0,0.032,0,0,0.1026,0.1362,0.1565,0,0.2035,0,0,0,0.3483,0.1875,0,0.3456,0,0.12,0,0,0,0,0,0,0,0,0,0,0,0,0,0,0,0,0,0,0,0,0,0,0,0,0,0,0,0,0.02295,0.02999,0.08857,0,0,0.001775,0.018,0.03058,1
0,0.06232,0.3221,0,0.012,0,0,0.03846,0.1064,0.02934,0.06,0.06041,0.02162,0,0.4978,0,0.02344,0.4032,0.2529,0.0192,0.1588,0,0,0.02721,0,0,0,0,0,0,0,0,0,0,0,0.02765,0,0,0,0,0,0,0,0,0,0,0,0,0,0.04332,0,0.06661,0.01846,0,0.002816,0.06227,0.08786,1
0,0,0.4342,0,0,0.4783,0,0.1218,0,0,0.19,0.1844,0,0,0,0.0517,0,0.2292,0.1737,0,0.0475,0,0.4936,0.08617,0,0,0,0,0,0,0,0,0,0,0,0,0,0,0,0,0,0,0,0,0,0,0,0,0,0.01405,0,0.1096,0.03661,0,0.002498,0.01575,0.02947,1
0,0,0,0,0.012,0,0,0,0,0,0,0.1574,0,0,0,0.01633,0.02344,0.02372,0.0108,0,0.015,0,0,0,0,0,0,0.0553,0.008403,0.02765,0,0,0,0,0,0.1429,0,0.07692,0,0,0,0.02591,0,0,0.006,0.05182,0,0,0,0.08546,0,0,0,0,0.002063,0.03001,0.09101,1
0.0425,0.01821,0.3389,0,0.043,0.3727,0.05915,0.08333,0.2936,0.1271,0.13,0.2067,0.03063,0,0.2597,0.09388,0.01562,0.2905,0.2187,0.0272,0.13,0,0.4043,0.03855,0,0,0,0,0,0,0,0,0,0,0,0,0,0,0,0.01843,0,0,0,0,0.004,0,0,0,0,0.02505,0,0.04608,0.07322,0.008,0.007709,0.4366,0.248,1
0,0,0,0,0.068,0,0.2806,0,0,0,0,0,0,0,0,0,0,0.4032,0.1224,0.1088,0.255,0,0,0,0,0,0,0,0,0,0,0,0,0,0,0,0,0,0,0,0,0,0,0,0,0,0,0,0,0,0,0.05563,0,0,0.001666,0.009752,0.01742,1
0,0,0.2157,0,0.038,0.236,0.05227,0,0,0.1883,0.19,0.06041,0,0,0,0.1048,0.1504,0.1522,0.2079,0,0.1437,0,0,0.08617,0,0,0,0,0,0,0,0,0,0,0,0,0,0,0,0,0,0,0,0,0,0,0,0,0.01586,0.02974,0.1561,0.09181,0,0,0.004025,0.04576,0.04764,1
0,0,0,0,0,0,0,0,0,0,0,0.5294,0,0,0,0,0,0,0,0,0,0,0,0,0,0,0,0,0,0,0,0,0,0,0,0,0,0,0,0,0,0,0,0,0,0,0,0,0,0,0,0,0,0,0,0,0.0005561,2
0,0.01261,0,0,0,0,0,0,0,0,0,0.02862,0,0,0,0,0,0,0,0,0,0,0,0,0.0117,0,0,0,0,0,0,0,0.383,0,0,0.08525,0.02612,0,0,0,0,0,0,0,0,0,0.08295,0.1682,0,0.04378,0,0,0,0,0.001711,0.006002,0.03911,2
0,0,0,0,0,0,0,0,0,0,0,0,0,0,0,0,0,0,0,0,0,0,0,0,0,0,0,0,0,0,0,0,0,0,0,0,0,0,0,0,0,0,0,0,0,0,0,0,0.08182,0,0,0,0,0,0,0,0.00241,2
0,0,0,0,0,0,0,0,0,0,0,0,0,0,0,0,0,0,0,0,0,0,0,0,0,0,0,0,0,0,0,0,0,0,0,0,0,0,0,0,0,0,0,0,0,0,0,0,0,0.1292,0,0,0,0,0,0,0.0005561,2
0,0.005602,0.02241,0,0,0.04969,0,0.05128,0,0,0,0.1288,0.02883,0,0,0,0.01562,0,0,0,0,0,0.03404,0,0.2269,0.06242,0,0,0.02241,0.0553,0,0,0,0,0,0.07373,0.01161,0,0,0,0,0.005602,0,0,0,0,0,0.07477,0.005539,0.02599,0,0,0.01664,0,0.001717,0.015,0.1283,2
0,0,0,0,0,0,0,0,0,0,0,0,0,0,0,0,0,0,0,0,0,0,0,0,0,0,0,0,0,0,0,0,0,0,0,0,0,0,0,0,0,0,0,0,0,0.06443,0,0,0,0.04332,0,0,0,0,0.001355,0.007502,0.01464,2
0,0,0,0,0,0,0,0,0,0,0,0.3466,0,0,0,0,0,0,0.1305,0,0,0,0,0,0.1417,0,0,0.1659,0,0,0,0,0,0,0,0,0,0,0,0,0,0,0,0.08703,0,0,0,0,0,0.02856,0,0,0,0,0.001177,0.01275,0.01372,2
0,0,0,0,0,0,0,0,0,0,0,0,0,0,0,0,0,0,0,0,0,0,0,0,1,1,0,0,0,0,0,0,0,0,0,0,0,0,0,0,0,0,0,0,0,0,0,0,0,0,0,0,0,0,0.008696,0.012,0.006117,2
0.215,0,0,0,0,0,0,0,0,0,0,0,0,0,0,0,0,0,0,0,0,0,0,0,0,0,0,0,0,0,0,0,0.1176,0,0,0,0,0.5513,0,0,0,0,0,0.1032,0,0,0,0,0,0,0,0,0,0,0.0008456,0.004501,0.01112,2
0,0,0,0,0,0,0,0,0,0.2469,0,0,0,0,0,0,0.1973,0,0,0,0,0,0,0,0.1313,0.1313,0.0808,0.2327,0.07073,0.2327,0.2327,0.2327,0,0.2327,0.2327,0.2327,0.1466,0,0.09091,0.2327,0,0,0.2829,0.2425,0.0505,0,0,0,0,0.1906,0,0.02916,0,0,0.001687,0.008252,0.01242,2
0,0,0.07843,0,0.028,0,0,0,0,0,0,0.3116,0,0,0,0,0,0,0,0,0,0,0,0,0,0,0,0,0,0,0,0,0,0,0.06452,0,0.08128,0,0,0,0,0,0,0,0,0,0,0,0,0.04214,0,0,0,0,0.0007841,0.007502,0.02947,2
0,0,0.1653,0,0,0,0,0.1891,0,0,0,0.4754,0,0,0,0,0,0,0.1071,0,0,0,0,0,0.07737,0.07672,0,0,0,0,0.1359,0,0,0,0,0,0,0,0,0,0,0,0,0,0,0,0,0,0,0.09155,0,0,0,0,0.001253,0.004501,0.0165,2
0,0,0,0,0,0,0,0,0,0,0,0,0,0,0,0,0,0,0,0,0,0,0,0,0.2237,0.4473,0,0,0,0,0,0,0,0,0,0,1,0,0,0,0,0,0,0,0.172,0,0,0,0,0,0,0,0,0,0.002726,0.005251,0.005561,2
0.055,0,0.01961,0,0.007,0.04348,0,0.04487,0,0.08802,0,0.08108,0.07928,0.01261,0,0,0.05664,0.01383,0.006301,0,0.00875,0,0,0,0.1294,0,0,0,0.02031,0.06682,0,0,0,0,0,0.03226,0.01016,0.04487,0,0,0,0,0,0,0,0,0,0,0.01032,0.007258,0,0.005581,0,0,0.001367,0.01575,0.1051,2
0,0,0,0,0,0,0,0,0,0,0,0,0,0,0,0,0,0,0.1692,0,0,0,0,0,0,0,0,0,0,0,0,0,0,0,0,0,0,0,0,0,0,0,0,0,0.094,0,0,0,0,0.08195,0,0,0,0,0.0006912,0.003751,0.003336,2
0,0.007003,0,0,0.01,0.1304,0,0.03205,0,0,0,0.1892,0,0,0,0,0,0,0.009001,0,0,0,0,0,0.05657,0,0,0,0,0.02304,0,0,0.01368,0,0,0.09908,0,0,0,0,0,0,0,0.006002,0,0,0,0,0,0.011,0,0,0.00938,0,0.001189,0.008252,0.07229,2
0,0,0,0,0,0,0,0,0,0,0,0,0,0,0,0,0,0,0,0,0,0,0,0,0,0,0.8,0,0,0,0,0,0,0,0,0,0,0,0,0,0,0,0,0,0,0,0,0,0,0,0,0,0,0,0,0,0.0007414,2
0.065,0,0.1457,0,0.052,0,0,0,0,0.06357,0,0.04134,0,0,0,0,0,0.05138,0.1179,0,0.0325,0,0,0,0,0,0,0,0,0,0,0,0,0,0,0,0,0,0,0,0,0,0,0.01561,0.026,0.03641,0,0,0.01183,0.011,0,0.008461,0,0,0.0001214,0.0015,0.009639,2
0,0,0,0,0,0,0,0,0,0,0,0,0,0,0,0,0,0,0.2898,0,0.2687,0,0,0,0,0,0,0,0,0,0,0,0,0,0,0,0,0,0,0,0.3011,0,0,0,0,0.1499,0,0,0,0.04613,0,0,0,0,0.001972,0.004501,0.00797,2
0.0425,0,0.1905,0,0.034,0.2112,0,0,0,0,0,0,0,0,0,0,0,0.06719,0.432,0,0.235,0,0,0,0,0,0,0,0,0,0,0,0,0,0,0,0,0,0,0,0,0,0,0,0.0255,0.02381,0,0,0,0.007492,0,0.0117,0,0,0.0002834,0.003001,0.0126,2
0.075,0,0.1709,0,0,0,0,0,0,0.2249,0.15,0.1463,0.05405,0.05405,0,0.2925,0.1191,0,0.4977,0,0.1537,0,0,0.06803,0,0,0,0,0,0,0,0,0,0.06912,0,0,0,0,0,0,0,0,0,0,0.015,0,0,0,0,0.02341,0,0.1896,0.1062,0.1538,0.004324,0.04876,0.05598,1
0,0.02451,0.1961,0,0.035,0,0,0,0,0,0,0.1113,0,0,0,0.1429,0,0.1383,0.1899,0,0.175,0,0,0,0,0,0,0,0,0,0,0,0,0,0,0,0,0,0,0,0,0,0,0,0.0175,0,0,0,0,0.02856,0,0.2311,0,0,0.003957,0.04501,0.05783,1
0,0,0,0,0,0.4907,0,0,0,0,0,0,0,0,0,0.1075,0,0,0.1422,0,0,0,0.3362,0,0,0,0,0,0,0,0,0,0,0,0,0,0.1147,0,0,0,0,0,0,0,0,0,0,0,0.02895,0.05409,0.2124,0.08317,0,0,0.007186,0.01575,0.03095,1
0,0,0,0,0,0,0,0,0,0,0,0,0,0,0,0,0,0,0,0,0,0,0,0,0,0,0,0,0,0,0,0,0,0,0,0,0.4833,0,0,0,0,0,0,0,0,0,0,0,0.07679,0.1431,0,0.2752,0,0,0.006747,0.01575,0.01205,1
0,0,0,0,0,0,0,0,0,0,0,0.2878,0,0,0,0,0,0,0,0,0.2263,0,0,0,0,0,0,0,0,0,0,0,0,0,0,0,0,0,0,0,0,0,0,0,0,0,0,0,0,0,0,0.05563,0,0,0.0004993,0.007502,0.01019,1
0.0125,0,0.08123,0,0.023,0.1056,0.006878,0,0,0,0.325,0.1304,0,0,0,0.1034,0.02148,0.02174,0.1377,0.0464,0.1625,0,0.09787,0.01134,0,0,0,0,0,0,0,0,0,0,0,0,0,0,0,0,0,0,0,0,0,0,0,0,0.002266,0.0302,0,0.01836,0.07837,0,0.0007391,0.005251,0.1222,1
0.1475,0.006303,0.02521,0,0.029,0.0559,0,0.1891,0.2511,0.511,0.145,0.01431,0.05225,0,0.1688,0.01224,0.1543,0.07708,0.2871,0.0144,0.2112,0,0.5915,0.2245,0,0,0,0,0,0,0,0,0,0,0,0.02074,0,0,0.008101,0,0,0,0,0,0.0095,0,0,0,0.01108,0.01826,0,0.06013,0.04024,0.006769,0.02173,0.8777,0.4708,1
0,0.1204,0,0,0,0,0,0,0,0.4205,0,0,0,0,0,0.234,0,0.17,0.07741,0,0,0,0,0,0,0,0,0,0,0,0,0,0,0,0,0,0,0,0,0,0,0,0,0,0,0,0,0,0,0.02927,0,0.04518,0.07595,0,0.001532,0.008252,0.01668,1
0.0575,0.02031,0.1793,0,0.017,0.1056,0.01513,0.01603,0.02128,0.1149,0.055,0.186,0.08468,0.009009,0.07359,0.006803,0.02148,0.05731,0.3537,0,0.2562,0,0.2,0.06576,0,0,0,0,0,0,0,0,0,0,0,0,0,0,0,0,0,0,0,0,0,0,0,0,0,0.03114,0,0.08857,0.1023,0.05662,0.007546,0.06452,0.2704,1
0,0,0,0,0,0,0.4044,0.4712,0.6255,0.3594,0.735,0,0,0,0,0,0.2871,0,0,0.2352,0.5513,0,0,0,0,0,0,0,0,0,0,0,0,0,0,0,0.2134,0,0,0,0,0,0,0,0,0,0,0,0,0.03325,0,0.07687,0.04297,0,0.1369,0.2048,0.05116,1
0,0,0,0,0,0,0.2669,0,0,0,0,0,0,0,0,0.3959,0.7578,0,0.1746,0,0.2425,0,0,0.4399,0,0,0,0,0,0,0,0,0,0,0,0,0,0,0,0.2235,0,0,0,0,0.0485,0,0,0,0,0.03044,0,0.09361,0.03933,0,0.007895,0.01875,0.01724,1
0,0,0,0,0,0,0,0,0,0,0,0,0,0,0,0,0,0,0.4284,0,0,0,0,0,0,0,0,0,0,0,0,0,0,0,0,0,0,0,0,0,0,0,0,0,0,0,0,0,0,0,0,0,0,0,0,0,0.0003707,1
0.025,0.01401,0.2829,0,0.08,0.4969,0.06878,0,0.3404,0.02445,0.15,0.1113,0.05405,0,0.697,0.01361,0,0.2194,0.1179,0.032,0.0875,0,0.2553,0.02268,0,0,0,0,0,0,0,0,0,0,0,0,0,0,0,0,0,0,0.05602,0,0.005,0.01401,0,0,0,0.02576,0,0.08821,0.04781,0.009231,0.01132,0.5011,0.2502,1
0.06,0,0.06723,0,0,0.2981,0.03301,0,0,0.1174,0.12,0.1145,0.2162,0,0,0.2286,0.1406,0,0.1728,0,0.21,0,0.1021,0,0,0,0,0,0,0,0,0,0,0,0,0,0,0,0,0,0,0,0,0,0,0,0,0,0,0,0,0.1219,0.2505,0.09231,0.004997,0.03826,0.07933,1
0,0,0.1569,0,0,0,0,0,0,0.2738,0,0,0,0,0,0,0,0,0.1521,0,0.07,0.1687,0,0,0,0,0,0,0,0,0,0,0,0,0,0,0,0,0,0,0,0,0,0,0,0,0,0,0,0.1154,0.1206,0.07093,0,0.2425,0.003804,0.01575,0.04374,1
0.025,0,0.02801,0,0.04,0.06211,0.01376,0,0.08511,0.0489,0.2,0.07949,0,0.1081,0,0.1238,0.03906,0,0.1548,0.6816,0.215,0,0.1702,0.04535,0,0,0,0,0,0,0,0,0,0,0,0,0,0,0,0,0,0,0,0,0,0,0,0,0,0.02248,0,0.06049,0.04841,0,0.008633,0.3698,0.2641,1
0.085,0,0.4762,0,0.102,0,0,0,0.2894,0.2494,0,0,0,0,0,0,0,0,0.0306,0.1632,0.085,0,0,0,0.02211,0,0,0,0,0,0,0,0,0,0,0,0,0,0,0,0,0,0,0,0,0,0,0,0,0,0,0.1618,0.03177,0,0.9985,0.9992,0.2471,1
0,0,0.08403,0,0.03,0.1863,0.04127,0.09615,0,0,0.3,0.1431,0,0,0,0.1224,0.1172,0.05929,0.216,0.432,0.375,0,0,0.1361,0,0,0,0,0,0,0,0,0,0,0,0,0,0,0,0,0,0,0,0,0,0,0,0,0,0.01124,0,0.02592,0,0.05908,0.006601,0.1035,0.0519,1
0,0,0,0,0.312,0,0.1431,0.3333,0,0.2543,0,0.1653,0,0,0,0.283,0,0,0.1872,0,0.13,0,0,0,0,0,0,0,0,0,0,0,0,0,0,0,0,0,0,0,0,0,0,0,0.052,0,0,0,0,0,0,0,0,0,0.01453,0.04801,0.02558,1
0,0,0,0,0.229,0,0,0,0,0,0,0.1812,0,0,0,0.6245,0,0,0.3096,0,0.1425,0,0,0,0,0,0,0,0,0,0,0,0,0,0,0,0,0,0,0,0,0,0,0,0.057,0,0,0,0,0.1513,0,0.3491,0,0,0.01119,0.02176,0.0202,1
0,0,0.08403,0,0.03,0.559,0,0.09615,0,0,0,0.04769,0.05405,0,0,0.04082,0.05859,0.05929,0.1899,0,0.3775,0,0,0.06803,0,0,0,0,0,0,0,0,0,0,0,0,0,0,0,0,0,0,0,0,0.015,0,0,0,0,0.04917,0,0,0.06354,0.032,0.001106,0.007502,0.03429,1
0.1225,0,0.2073,0,0.024,0.4596,0.03301,0.2372,0.1021,0.05868,0.12,0.1955,0,0,0,0,0.2402,0,0.1107,0.2768,0.3088,0,0.1021,0.1678,0,0,0,0,0,0,0,0,0,0,0,0,0,0,0,0,0,0,0,0,0,0,0,0,0,0.02716,0,0.2941,0.0469,0,0.00446,0.03451,0.08971,1
0,0,0,0,0,0,0,0,0,0,0,0,0,0.2811,0,0,0,0,0.1404,1,0.195,0,0,0,0,0,0,0,0,0,0,0,0,0,0,0,0,1,0,0,0,0,0,0,0,0,0,0,0,0,0,0.1357,0.05688,0,0.006823,0.08852,0.02966,1
0,0,0.2213,0,0.026,0,0.03576,0.08333,0,0,0,0.2083,0,0,0,0,0,0.05138,0.1422,0,0.065,0,0,0,0,0,0,0,0,0,0,0,0,0,0,0.1198,0.03774,0,0,0.05991,0,0,0,0,0,0,0,0.243,0.009567,0.008897,0,0.01386,0,0,0.001199,0.02101,0.03151,1
0.025,0.01401,0.2829,0,0.08,0.4969,0.06878,0,0.3404,0.02445,0.15,0.1113,0.05405,0,0.697,0.01361,0,0.2194,0.1179,0.032,0.0875,0,0.2553,0.02268,0,0,0,0,0,0,0,0,0,0,0,0,0,0,0,0,0,0,0.05602,0,0.005,0.01401,0,0,0,0.02576,0,0.08785,0.0475,0.009231,0.01132,0.5011,0.2502,1
0.08,0,0.1793,0,0.032,0.1988,0,0.5128,0.1362,0.1565,0.16,0.1017,0,0,0,0,0.3125,0,0.1152,0.4112,0.4412,0,0,0,0,0,0,0,0,0,0,0,0,0,0,0,0,0,0,0.07373,0,0,0,0,0,0,0,0,0,0.04987,0,0.2113,0.03207,0,0.003874,0.04651,0.05894,1
0,0,0,0,0,0,0,0.4006,0,0.1002,0,0,0,0,0,0.05578,0,0.33,0.0369,0,0.05125,0,0,0,0,0,0,0,0,0,0,0,0,0,0,0.09447,0,0,0,0,0,0,0,0,0,0,0,0,0,0.02927,0,0.05617,0.01876,0,0.0007151,0.005251,0.01186,1
0.145,0,0.05322,0,0.175,0.2422,0.07978,0,0,0.04645,0.195,0.124,0.07027,0,0,0.07891,0.1133,0.1146,0.3861,0,0.04875,0,0.3319,0,0,0,0,0,0,0,0,0,0,0,0,0,0,0,0,0,0,0,0,0,0.0195,0,0,0,0,0.06345,0,0.01206,0.04085,0,0.003021,0.015,0.03503,1
0,0,0,0,0.19,0,0.1307,0,0,0.2323,0,0.151,0,0,0,0,0,0,0.514,0.608,0.3563,0,0,0,0,0,0,0,0,0,0,0,0,0,0,0,0,0,0,0,0,0,0,0,0,0,0,0,0,0,0,0.02646,0,0,0.0005997,0.003751,0.003707,1
0,0,0.1008,0,0.073,0,0,0,0,0.1785,0,0.05723,0,0,0,0,0,0,0.06571,0,0,0,0,0,0,0,0,0.08295,0,0,0,0,0,0,0,0,0,0,0,0,0,0,0,0,0,0.05042,0,0,0,0,0,0,0,0,0.001694,0.008252,0.04208,1
0,0,0,0,0,0,0,0,0,0.8729,0,0.283,0,0,0,0,0,0,0.1602,0,0,0,0,0,0,0,0,0,0,0,0,0,0,0,0,0,0,0,0,0,0,0,0,0,0,0,0,0,0.06344,0,0,0.1363,0,0,0.004733,0.009002,0.01446,1
0,0,0.2829,0,0,0,0.06878,0,0,0.4939,0.755,0.2401,0,0,0,0.06803,0,0,0.3177,0,0.1263,0,0.6426,0.229,0,0,0,0,0,0,0,0,0,0,0,0,0,0,0,0,0,0,0,0,0,0,0,0,0,0.02084,0,0.2576,0.1622,0,0.004633,0.0165,0.04152,1
0,0,0,0,0,0.1429,0,0,0,0,0,0.07313,0,0,0,0.06259,0.08984,0.04545,0.27,0,0.08625,0,0,0,0,0,0,0,0,0,0,0,0.03146,0,0,0,0,0,0,0,0,0,0,0,0,0,0,0,0.01939,0.008897,0,0,0,0.02338,0.002399,0.03076,0.03355,1
0,0,0.06443,0,0.023,0,0,0,0.09787,0,0,0,0,0.2577,0,0,0.04492,0,0.0207,0,0.2675,0,0,0,0.01495,0,0,0,0,0,0,0,0,0,0,0,0.03338,0,0,0,0,0.1331,0,0,0,0,0,0,0.02946,0.05502,0,0.02106,0,0.1009,0.002423,0.1193,0.1264,2
0,0,0,0,0,0,0,0,0,0,0,0.7218,0,0,0,0,0,0,0,0,0,0,0,0,0,0,0,0,0.6366,0,0,0,0,0,0,0,0,0,0,0,0,0.6366,0,0,0,0,0,0,0,0,0,0,0,0,0.0009985,0.002251,0.002595,2
0,0.04762,0.09524,0,0,0,0,0.109,0,0,0.17,0,0,0,0,0.234,0,0,0.09271,0,0.2575,0,0,0,0,0,0,0,0,0,0,0,0,0,0,0,0,0,0,0.07834,0,0,0,0,0.017,0,0,0,0,0.01077,0,0,0,0,0.003514,0.07952,0.03577,2
0,0,0.07843,0,0,0,0,0,0,0,0,0,0,0,0,0,0,0,0.126,0,0.07,0,0,0,0.2191,0.1821,0.0112,0.06452,0.01961,0.06452,0.06452,0.06452,0,0.06452,0.06452,0.06452,0.08128,0,0,0.06452,0,0.01961,0.1569,0,0.014,0,0,0,0,0.03278,0.05692,0,0,0,0.002195,0.0105,0.03818,2
0,0,0,0,0,0,0,0,0,0.4523,0,0,0,0,0,0,0,0,0.1665,0,0.4625,0,0,0,0.1203,0,0,0.8525,0,0,0,0,0.2531,0,0.4263,0,0,0,0,0,0,0,0,0,0.0925,0,0,0,0,0.1489,0,0.05725,0,0,0.002541,0.0105,0.01131,2
0,0,0,0,0,0,0,0,0,0,0,0,0,0,0,0,0,0,0,0,0,0,0,0,0,0,0,0,0.7003,0,0,0,0,0,0,0,0,0,0,0,0,0.3501,0,0,0,0,0,0,0,0,0,0,0,0,0.0006417,0.0015,0.001668,2
0,0,0,0,0,0,0,0,0,0,0,0,0,0,0,0,0,0,0.1728,0,0,0,0,0,0,0,0,0,0,0,0,0,0,0,0.4424,0,0,0,0,0,0,0.2689,0,0,0,0,0,0,0,0,0,0.0468,0,0,0.001799,0.006752,0.00797,2
0,0,0,0,0,0,0,0,0,0,0,0.1367,0,0,0,0,0,0,0,0,0,0,0,0,0,0,0,0,0,0,0,0,0,0,0,0,0.1248,0,0,0,0,0,0,0,0,0,0,0,0,0,0,0,0,0,0.0008876,0.005251,0.007785,2
0,0,0,0,0,0,0,0.02564,0,0,0,0.01272,0,0,0,0,0.01562,0,0,0,0,0,0,0,0.005202,0.0104,0.0032,0,0,0,0,0,0,0,0,0.09677,0,0,0,0,0.0112,0,0,0,0,0,0,0.3178,0.02039,0.1056,0,0,0,0,0.001249,0.01275,0.1731,2
0,0,0,0,0.476,0,0,0,0,0,0,0.7568,0,0,0,0,0,0,0,0,0,0,0,0,0,0,0,0,0.3333,0,0,0,0,0,0,0,0,0,0,0,0,0.5,0,0,0,0,0,0,0,0,0,0,0,0,0.0003448,0.0015,0.00278,2
0,0,0.06723,0,0.049,0,0,0,0.1021,0,0,0,0,0.2685,0,0,0.04688,0,0,0,0.0925,0,0,0,0.03186,0,0,0,0,0,0,0,0,0,0,0,0.03483,0,0,0,0,0.1562,0,0,0,0,0,0,0,0.01077,0,0.01242,0,0.1569,0.002663,0.09002,0.1151,2
0,0,0,0,0,0,0,0,0.1149,0,0,0.04293,0,0.245,0,0,0.05273,0,0.07291,0,0.0675,0,0,0,0.01756,0,0,0,0,0,0,0,0,0,0.06221,0,0,0,0,0,0,0.07633,0,0,0,0,0.8802,0,0,0,0,0,0,0.1415,0.00228,0.02251,0.09564,2
0,0,0,0,0,0,0,0.1795,0,0,0,0,0,0,0,0,0,0,0.1008,0,0,0,0,0,0,0,0,0,0,0,0,0,0,0,0,0,0,0,0.1008,0,0,0,0,0,0.056,0.07843,0,0,0,0.04238,0.05508,0.03258,0,0,0.005247,0.02476,0.02817,2
0,0,0.8151,0,0,0,0,0,0,0,0,0,0,0,0,0,0,0,0.1746,0,0,0,0,0,0,0,0,0,0,0,0,0,0,0,0,0,0,0,0,0,0,0,0,0,0,0,0,0,0,0.09108,0,0.07003,0,0,0.0003898,0.0015,0.00519,2
0,0,0,0,0.128,0,0,0,0.5447,0,0,0,0,0.2306,0,0,0,0,0.1152,0,0,0,0,0,0.1664,0.1664,0.0512,0.2949,0.08964,0.2949,0.2949,0.2949,0,0.2949,0.2949,0.2949,0,0,0,0.2949,0,0,0,0,0,0,0,0,0,0.09319,0,0,0,0,0.001814,0.007502,0.0076,2
0,0,0,0,0,0,0,0,0,0,0,0,0,0,0,0,0,0,0,0,0,0,0,0,0,0,0.02,0,0.03501,0,0,0,0,0,0,0,0,0,0,0,0,0,0,0,0,0,0,0,0,0.1173,0.1022,0,0,0.05108,0.004472,0.02026,0.04411,2
0,0,0,0,0,0,0,0,0,0,0,0,0,0,0,0,0,0,0.36,0,0,0,0,0,0,0,0,0,0,0,0,0,0,0,0,0,0,0,0,0,0,0,0,0,0,0,0,0,0,0,0,0.1312,0,0,0.001312,0.002251,0.002595,2
0,0,0,0,0,0,0,0,0,0,0,0,0,0,0,0,0,0,0,0,0,0,0,0,0,0,0,0,0,0,0,0,0,0,0,0,0,0,0,0,0,0,0,0,0,0,0,0,0,0,0,0,0,0,0.0002489,0.0015,0.00241,2
0,0,0,0,0,0,0,0,0,0,0,0.1797,0,0,0,0,0,0,0,0,0,0,0,0,0,0,0,0,0,0,0,0,0,0,0,0,0,0,0.1017,0,0,0.2381,0,0,0,0,0,0,0.04985,0.09272,0,0,0,0,0.001613,0.003001,0.004819,2
0,0,0,0,0,0,0,0,0,0,0,0.1685,0,0,0,0,0,0,0.09541,0,0,0,0,0,0.2074,0.1378,0,0,0,0,0,0,0,0,0,0,0.1538,0,0.1908,0,0,0,0,0,0,0,0,0,0,0.03934,0,0.03024,0,0,0.001124,0.004501,0.01149,2
0,0,0.6359,0,0,0,0,0,0,0,0,0.7218,0,0,0,0,0,0,0,0,0,0,0,0,0,0,0,0,0,0,0,0,0,0,0,0,0,0,0.2043,0,0,0,0,0,0,0,0,0,0,0,0,0.05329,0,0,0.006372,0.02326,0.01149,2
0,0,0,0,0,0,0,0,0,0.2616,0,0.1701,0,0,0,0,0,0,0.0477,0,0,0,0,0,0.06957,0,0,0,0,0,0,0,0,0,0,0,0.07692,0,0,0,0,0,0.1485,0,0.0265,0,0,1,0,0.04214,0,0.0162,0,0,0.001237,0.004501,0.01335,2
0,1,0,0,0,0,0,0,0,0,0,0,0,0,0,0,0,0,0,0,0,0,0,0,0,0,0,0,0,0,0,0,0,0,0,0,0,0,0,0,0,0,0,0,0,0,0,0,0,0,0,0,0,0,0.001199,0.003001,0.001483,2
0,0,0,0,0,0,0,0,0,0,0,0,0,0,0,0,0,0,0,0,0,0,0,0,0,0,0,0,0,0,0,0,0,0,0,0,0,0,0,0,0,0,0,0,0,0,0,0,0,0,0,0,0,0,0.001499,0.003001,0.001297,2
0,0,0,0,1,0,0,0,0,0,0,0,0,0,0,0,0,0,0,0,0,0,0,0,0.6502,0,0,0,0,0,0,0,0,0,0,0,0,0,0,0,0,0,0,0,0,0,0,0,0,0,0,0,0,0,0.0004993,0.0007502,0.0005561,2
0,0,1,0,0,0,0,0,0,0,0,0,0,0,0,0,0,0,0,0,0,0,0,0,0,0,0,0,0,0,0,0,0,0,0,0,0,0,0,0,0,0,0,0,0,0,0,0,0,0.1733,0,0.1332,0,0,0.001748,0.004501,0.004634,2
0,0,0.1176,0,0.064,0,0,0,0,0,0,0.03339,0,0,0,0,0,0,0.07651,0,0.02625,0,0,0,0.1385,0.02731,0.0084,0,0,0,0,0,0.2914,0,0,0,0.06096,0,0.0189,0.04839,0,0,0.1176,0.01261,0.032,0,0,0,0.05992,0.1037,0.04162,0,0,0,0.002285,0.01275,0.04801,2
0,0,0,0,0,0,0,0,0,0,0,0,0,0,0,0,0,0,0.2727,0,0,0,0,0,0,0,0.1212,0,0,0,0,0,0,0,0,0,0,0,0,0,0,0,0,0,0.1515,0,0,0,0,0,0,0,0,0,0.0004078,0.002251,0.00241,2
0.5,0,0,0,0,0,0,0,0,0,1,0.318,0,0,0,0,0,0,0.18,0,1,0,0,0,0,0,0,0,0,0,0,0,0,0,0,0,0,0,0,0,0,0,0,0,0,0,0,0,0,0,0,0,0,0,0.007328,0.02101,0.009639,2
0,0,0,0,0,0,0,0,0,0,0,0,0,0,0,0,0,0,0,0,0,0,0,0,0,0,0.8,0,0,0,0,0,0,0,0,0,0,0,0,0,0,0,0,0,0,0,0,0,0,0,0,0,0,0,0,0,0.0007414,2
0,0,0.01681,0,0,0,0,0.01923,0.05532,0.03178,0.065,0.2655,0.04685,0.05946,0,0.01769,0.02539,0,0,0.0096,0.0075,0,0,0,0.1651,0.01691,0,0,0.01401,0.05991,0.02995,0,0,0,0.01382,0.04608,0.01887,0.03846,0,0.01382,0,0,0,0,0,0,0,0,0.007049,0.03067,0,0,0,0,0.001495,0.01425,0.1457,2
0,0.009104,0.1513,0,0.027,0.08075,0,0,0,0.06601,0,0.1924,0,0,0,0.01769,0,0,0.1701,0,0.1175,0,0,0,0.008453,0.1222,0,0,0,0,0,0,0,0,0,0,0.07837,0,0,0,0,0,0.03641,0,0,0,0,0,0.01838,0.01124,0,0.00432,0,0,0.006222,0.06077,0.1077,2
0.315,0,0,0,0,0,0,0,0,0.3081,0,0.2003,0,0,0,0,0,0.249,0.2277,0,0,0,0,0,0,0,0,0.5829,0,0,0,0,0,0,0,0,0,0,0,0,0.1765,0,0,0,0.063,0.3543,0,0,0,0,0,0,0,0,0.002762,0.007502,0.009824,2
0,0,0,0,0,0,0,0,0,0,0,0,0,0,0,0,0,0.3715,0.1692,0,0.235,0,0,0,0,0,0.0752,0,0,0,0,0,0.5157,0,0,0,0,0,0,0,0,0,0,0,0,0,0,0,0,0.08569,0,0,0,0,0.0004603,0.0015,0.002966,2
0.1375,0,0,0,0,0,0,0,0,0.1345,0,0,0,0,0,0,0,0,0,0,0,0,0,0,0.07217,0.07152,0.0664,0.1267,0.03852,0.1267,0.1267,0.1267,0,0.1267,0.1267,0.1267,0.07983,0,0.0495,0.1267,0,0,0.1541,0,0.0275,0,0,0,0,0.08593,0.05569,0,0,0,0.001675,0.008252,0.01983,2
0,0,0,0,0,0,0,0,0,0,0,0,0,0,0,0,0,0,0,0,0,0,0,0,0,0,0,0,0,0,0,0,0,0,0,0,0,0,0.1692,0,0,0,0.5266,0,0,0,0,0,0,0.1515,0,0,0,0,0.002699,0.01275,0.0076,2
0,0,0,0,0,0,0,0,0,0,0,0,0,0,0,0,0,0,0.2214,0,0.1537,0,0,0,0,0,0.0492,0,0,0,0,0,0,0,0,0,0,0,0,0,0,0,0,0,0,0,0,0,0,0,0,0,0,0,9.295e-05,0.0007502,0.002966,2
0,0,0.112,0,0,0,0,0,0,0.1956,0,0,0,0,0,0,0,0,0.036,0,0.05,0,0,0,0.07802,0.104,0,0,0,0.09217,0,0,0,0,0,0,0,0,0,0,0,0,0,0,0,0,0,0,0,0.02318,0,0.008821,0,0,0.001931,0.006002,0.02484,2
0,0,0,0,0,0,0,0,0,0,0,0,0,0,0,0,0,0,0,0,0,0,0,0,0.5416,0.541,0.1664,0.9585,0.2913,0.9585,0.9585,0.9585,0,0.9585,0.9585,0.9585,0,0,0,0.9585,0,0,0,0,0,0,0,0,0,0.2753,0,0,0,0,0.003664,0.007502,0.005561,2
0,0,0,0,0,0,0,0,0,0.1418,0,0,0,0,0,0,0,0,0.261,0,0,0,0,0,0.1131,0.1508,0.0464,0.4009,0.04062,0.2673,0.1336,0.1336,0,0.1336,0.1336,0.2673,0.08418,0,0.05221,0.1336,0,0,0.1625,0,0.029,0,0,0,0,0.08874,0,0,0,0,0.001832,0.008252,0.02576,2
0,0,0,0,0,0,0,0,0,0,0,0.1606,0,0,0,0.1374,0,0,0.1818,0,0,0,0,0,0,0,0,0,0,0,0,0,0,0,0,0,0,0,0,0,0,0,0,0,0,0,0,0,0,0,0,0.05887,0,0,0.0003943,0.003751,0.004263,2
1,0,0.2801,0,0.1,0,0,0,0,0,0,0.159,0,0,0,0,0,0,0,0,0,0,0,0,0,0,0,0,0,0,0,0,0,0,0,0,0,0,0,0,0,0,0,0,0,0,0,0,0,0.03934,0,0.03024,0,0,0.0006882,0.006752,0.009824,2
0,0,0.06162,0,0,0,0,0,0,0,0,0.03498,0,0,0,0,0,0,0.09991,0,0.0275,0.5337,0,0,0,0,0,0,0,0,0,0,0,0,0,0,0,0,0.0198,0,0,0,0,0,0,0,0,0,0.7868,0,0,0.0432,0,0.1723,0.006592,0.03151,0.08285,2
0.03,0,0.03361,0,0,0,0,0,0,0,0.06,0.06041,0,0,0,0,0.02344,0,0.1602,0,0.06375,0,0,0,0,0,0,0,0,0,0,0,0,0,0,0,0.01742,0,0,0,0,0.01751,0,0,0.006,0.08824,0,0,0.004532,0.01733,0,0.009901,0,0.01108,0.003118,0.04651,0.07748,2
0,0,0.1737,0,0,0,0,0,0,0,0,0.04928,0,0,0,0,0,0,0.3069,0,0,0,0,0,0.02016,0,0,0,0,0,0,0,0,0,0,0.07143,0,0,0,0,0.08683,0,0,0,0.062,0,0,0,0,0.02622,0,0.0405,0,0,0.001298,0.002251,0.005005,2
0.0625,0,0.1429,0,0,0.1553,0,0,0,0.02934,0,0,0.04505,0,0,0.03401,0.04883,0.0751,0.1602,0,0.06375,0,0,0,0,0,0,0,0,0,0,0,0,0,0,0,0,0,0,0,0,0,0,0,0.019,0.6078,0,0,0.004783,0.004449,0,0,0.0115,0,0.0009625,0.012,0.03818,2
0,0,0.1793,0,0,0,0,0,0,0,0,0,0,0,0,0,0,0,0.2898,0,0,0,0,0,0.04161,0,0,0,0,0,0,0,0,0,0,0,0.09289,0,0.05761,0,0,0,0,0,0.0645,0.3613,0,0,0,0.08148,0,0.2088,0,0,0.00318,0.0105,0.01891,2
0,0,0,0,0,0,0,0,0,0,0,0,0,0,0,0,0,0,0,0,0,0,0,0,0,0,0,0,0,0,0,0,0,0,0,0.2604,0,0,0,0,0,0,0,0,0,0.1583,0,0,0,0.03184,0,0,0,0.2517,0.001255,0.008252,0.01242,2
0.025,0.007003,0.1989,0,0.051,0.1242,0.02751,0.03205,0.6085,0.2005,0.05,0.08108,0,0,0,0.01361,0,0.2016,0.1935,0.0656,0.23,0,0,0.06803,0,0,0,0,0,0,0,0,0,0,0.02304,0,0,0,0.009001,0,0,0,0,0,0,0,0,0,0,0,0.1616,0.1753,0.1198,0.02031,0.003243,0.04126,0.1904,1
0.065,0.005602,0.07283,0,0.053,0.04969,0.011,0.02564,0.4128,0.1516,0.04,0.1828,0.01441,0.1261,0.07359,0.04762,0.01562,0,0.3744,0.0416,0.2762,0,0.07234,0.3401,0,0,0,0,0,0,0,0,0,0,0.01843,0,0,0.05128,0,0,0,0,0,0,0,0,0,0,0,0.0103,0,0.06103,0.04902,0.008615,0.004703,0.05476,0.1394,1
0,0,0,0,0,0,0,1,0,0,0,0,0,0,0,0,0,0,0,0,0,0,0,0,0,0,0,0,0,0,0,0,0,0,0,0,0,0,0,0,0,0,0,0,0.052,0,0,0,0,0.04636,0,0.03564,0.05991,0,0.004283,0.018,0.01483,1
0,0,0,0,0.012,0,0,0,0,0,0,0.1431,0,0,0,0.01633,0,0.02372,0.0108,0,0.015,0,0,0,0,0,0,0.0576,0.008403,0.02765,0,0,0,0,0,0.1475,0,0.07692,0,0,0,0.02661,0,0,0,0.05322,0,0,0,0.09155,0,0,0,0,0.002124,0.03001,0.08897,1
0.165,0,0,0,0,0,0,0,0.2809,0.1614,0,0.318,0,0,0,0,0,0,0.18,0,0.1663,0,0,0,0.04291,0.08583,0,0.3065,0,0,0,0,0,0,0,0,0,0,0.05941,0,0,0,0,0,0,0,0,0,0,0.08195,0,0,0,0,0.002292,0.007502,0.01576,2
0,0,0,0,0,0,0,0,0,0.132,0,0,0,0,0,0,0,0,0.1458,0,0,0,0,0,0.1053,0.1404,0.0432,0.3733,0.03782,0.1244,0.1244,0.1244,0,0.1244,0.1244,0.1244,0.07837,0,0,0.1244,0,0,0.1513,0,0.027,0,0,0,0,0.1309,0,0,0,0,0.003057,0.009002,0.02854,2
0,0,0,0,0,0,0,0,0,0,0,0.1145,0,0,0,0,0,0,0.1305,0,0.2725,0,0,0,0.09428,0.09363,0.058,0.1659,0.05042,0.1659,0.1659,0.1659,0,0.1659,0.1659,0.1659,0.1045,0,0.06481,0.1659,0,0,0.2017,0,0.036,0,0,0,0,0.08593,0,0,0,0,0.001345,0.008252,0.01353,2
0.1,0,0.112,0,0,0,0,0,0,0,0,0,0.07207,0,0,0,0,0,0.1449,0,0,0,0,0,0,0,0,0,0.02801,0,0,0,0,0,0,0,0,0,0,0,0,0,0,0,0,0,0,0,0,0,0,0,0,0,0.0002219,0.0015,0.005561,2
0.0025,0.002101,0.05602,0,0.009,0.01863,0,0,0.02128,0.01222,0,0.07472,0.005405,0.03063,0,0.01224,0.03516,0.02569,0.0315,0.0048,0.01875,0,0,0.006803,0,0,0.002,0.006912,0.0007003,0,0,0,0.2011,0,0,0.02535,0.1306,0,0,0.006912,0,0.004902,0,0.007803,0.0025,0.02521,0,0.1402,0.009567,0.06158,0.00306,0.00288,0,0.003077,0.001844,0.07577,0.587,2
0,0,0.1317,0,0.095,0.2919,0,0,0,0,0,0.07472,0,0,0,0,0,0,0.08551,0,0,0,0,0,0,0.06112,0.0188,0,0,0,0,0,0,0,0,0,0,0.609,0,0,0,0.03291,0,0,0,0,0,0,0,0.01709,0,0,0,0,0.001325,0.005251,0.01798,2
0,0,0,0,0,0,0,0,0,0,0,0,0,0,0,0,0,0,0.4383,0,0.1013,0,0,0,0,0,0,0,0,0,0,0,0,0,0,0,0,0,0,0,0,0,0,0,0,0,0,0,0,0.1119,0,0,0,0,0.0004993,0.002251,0.005005,2
